8000
0.0	0.0	0.0
26.100605	0.000000	0.000000	
0.000000	26.100605	0.000000	
0.000000	0.000000	26.100605	
5.282747	10.229551	1.332412	1	-0.895283	0.435775	0.092555	0.015719	-0.176730	0.984134	0.445219	0.882534	0.151375	10 1.570796
23.366619	16.730065	21.437952	1	0.216230	-0.693240	0.687505	-0.097410	0.685333	0.721686	-0.971472	-0.223020	0.080661	10 1.570796
16.026927	10.791516	4.458027	1	-0.479892	-0.087651	-0.872939	0.378048	-0.918540	-0.115600	-0.791697	-0.385488	0.473936	10 1.570796
25.794966	21.369491	14.370775	1	-0.794343	0.134478	0.592396	-0.485882	-0.725963	-0.486721	0.364604	-0.674458	0.642004	10 1.570796
16.773397	10.262416	19.843804	1	0.940047	-0.333430	-0.071664	0.135679	0.558420	-0.818388	0.312894	0.759600	0.570180	10 1.570796
25.844357	5.770445	15.764248	1	-0.385722	0.690520	0.611883	0.901826	0.142192	0.408033	0.194750	0.709199	-0.677576	10 1.570796
12.196197	19.133742	5.380942	1	-0.936801	-0.169717	0.305943	-0.327214	0.734539	-0.594460	-0.123836	-0.657000	-0.743651	10 1.570796
20.325060	18.897581	0.731314	1	-0.741099	0.650904	0.164609	-0.585275	-0.746453	0.316641	0.328975	0.138321	0.934153	10 1.570796
11.055247	15.160961	16.884144	1	-0.513664	0.594476	-0.618666	-0.304582	0.547755	0.779226	0.802109	0.588695	-0.100295	10 1.570796
9.049150	21.994137	3.218860	1	0.538331	0.793209	0.284638	-0.715535	0.608650	-0.342863	-0.445207	-0.019095	0.895224	10 1.570796
21.447353	17.004568	6.225941	1	-0.862240	0.127001	-0.490320	-0.422453	0.353723	0.834514	0.279422	0.926688	-0.251342	10 1.570796
12.868013	13.956882	6.984599	1	-0.952772	0.294300	-0.074919	-0.062692	-0.431992	-0.899696	-0.297145	-0.852509	0.430040	10 1.570796
23.330475	22.517200	0.519618	1	-0.145227	-0.383309	0.912131	-0.971523	-0.119203	-0.204776	0.187221	-0.915895	-0.355082	10 1.570796
12.911588	14.476937	23.189028	1	-0.143263	-0.985472	-0.091220	-0.289826	-0.046354	0.955956	-0.946296	0.163392	-0.278974	10 1.570796
25.159947	25.412100	18.726797	1	0.295120	-0.904315	-0.308414	-0.843779	-0.095233	-0.528173	0.448264	0.416107	-0.791147	10 1.570796
5.750564	6.150999	0.939693	1	-0.116595	0.086980	0.989363	0.966962	0.237316	0.093092	-0.226695	0.967531	-0.111776	10 1.570796
12.774587	17.509550	13.333858	1	0.228601	-0.484750	-0.844250	0.290773	0.861627	-0.415994	0.929082	-0.150388	0.337921	10 1.570796
17.812651	19.060468	19.093586	1	0.695157	-0.353499	0.625935	-0.594703	0.206355	0.777010	-0.403837	-0.912390	-0.066778	10 1.570796
21.527383	15.182226	11.640835	1	-0.473138	-0.880911	0.011717	0.709820	-0.373301	0.597328	-0.521819	0.290936	0.801911	10 1.570796
15.798976	13.577816	9.022516	1	0.851483	0.343437	0.396265	0.371856	0.137350	-0.918073	-0.369728	0.929078	-0.010759	10 1.570796
10.869566	11.127262	5.016600	1	0.688173	-0.481770	0.542508	-0.615396	0.008490	0.788172	-0.384323	-0.876257	-0.290637	10 1.570796
17.871471	20.418061	17.296394	1	-0.282063	-0.528366	0.800794	0.391641	0.698559	0.598859	-0.875819	0.482539	0.009892	10 1.570796
18.546471	7.081849	19.488316	1	0.252183	0.447798	0.857835	0.866249	0.290642	-0.406374	-0.431296	0.845580	-0.314609	10 1.570796
12.658023	3.738380	4.975155	1	0.174350	0.211690	0.961660	0.416246	0.869225	-0.266808	-0.892380	0.446805	0.063433	10 1.570796
19.882615	3.333696	7.407871	1	-0.934366	-0.267054	-0.235886	0.331786	-0.893469	-0.302707	-0.129918	-0.361104	0.923431	10 1.570796
12.988428	19.404305	9.014298	1	0.367524	0.927097	0.073604	0.769202	-0.347505	0.536253	0.522736	-0.140469	-0.840842	10 1.570796
23.998847	1.564135	23.965329	1	-0.772760	-0.081197	-0.629484	-0.176198	-0.925356	0.335665	-0.609752	0.370302	0.700771	10 1.570796
2.235101	9.858827	24.692859	1	0.528299	0.586883	-0.613570	-0.392034	0.809614	0.436847	0.753132	0.009754	0.657797	10 1.570796
12.218968	9.453283	18.031978	1	0.376379	-0.656478	0.653739	-0.827502	0.079109	0.555861	-0.416627	-0.750186	-0.513462	10 1.570796
16.281550	2.916995	19.789451	1	-0.694548	0.719431	-0.004679	-0.373134	-0.365773	-0.852632	-0.615122	-0.590448	0.522491	10 1.570796
11.604190	15.076273	25.117706	1	-0.326778	0.327116	0.886686	0.822603	0.560380	0.096426	-0.465339	0.760901	-0.452206	10 1.570796
10.270396	21.233428	2.747388	1	-0.551791	0.833154	-0.037154	-0.798108	-0.540458	-0.266325	-0.241970	-0.117302	0.963167	10 1.570796
24.597144	16.526732	21.219866	1	-0.183150	0.981263	0.059814	-0.306404	0.000834	-0.951901	-0.934116	-0.192667	0.300510	10 1.570796
5.273501	12.887717	17.059349	1	-0.041633	0.056022	-0.997561	0.992276	0.119086	-0.034725	0.116851	-0.991302	-0.060546	10 1.570796
20.522558	23.309327	8.116968	1	-0.663609	-0.562352	-0.493338	-0.266199	0.793822	-0.546795	0.699115	-0.231532	-0.676485	10 1.570796
7.575591	5.140983	3.687459	1	0.520921	-0.014172	-0.853487	0.008390	-0.999729	0.021721	-0.853564	-0.018475	-0.520661	10 1.570796
19.119881	25.509169	17.019699	1	-0.668924	0.469675	-0.576147	0.507715	0.854809	0.107367	0.542924	-0.220697	-0.810264	10 1.570796
24.398928	9.656884	4.345338	1	0.366372	0.880438	-0.300998	0.251703	-0.405209	-0.878892	-0.895777	0.246240	-0.370066	10 1.570796
1.244392	20.755871	6.676492	1	0.441638	-0.887797	0.129508	0.727519	0.269892	-0.630773	0.525044	0.372794	0.765084	10 1.570796
8.668352	24.482772	8.822401	1	-0.546103	-0.757536	-0.357646	0.032247	-0.445622	0.894641	-0.837097	0.477032	0.267784	10 1.570796
20.983576	11.480676	4.772873	1	-0.158304	0.903940	-0.397281	-0.236795	0.355857	0.904043	0.958576	0.237189	0.157714	10 1.570796
24.608475	1.886295	10.373788	1	-0.004507	-0.564173	0.825644	0.200124	0.808441	0.553510	-0.979760	0.167726	0.109261	10 1.570796
5.627536	0.652543	3.936725	1	0.671965	-0.708256	-0.216418	-0.304085	-0.530323	0.791386	-0.675275	-0.465973	-0.571728	10 1.570796
14.051087	12.983204	13.841441	1	-0.230140	0.931202	0.282664	0.388631	0.354238	-0.850577	-0.892189	-0.085899	-0.443419	10 1.570796
19.275616	4.197093	5.371600	1	-0.788126	-0.606832	0.103016	-0.311357	0.248675	-0.917179	0.530957	-0.754927	-0.384929	10 1.570796
6.689847	0.066862	2.370193	1	0.306223	-0.311798	0.899449	0.755144	0.654868	-0.030081	-0.579642	0.688425	0.435989	10 1.570796
6.894989	3.966862	13.686982	1	0.542897	-0.225258	-0.809025	0.518434	-0.667979	0.533881	-0.660673	-0.709269	-0.245863	10 1.570796
2.839312	15.768561	2.654599	1	0.215430	-0.076955	0.973482	-0.726992	0.652938	0.212498	-0.651975	-0.753492	0.084717	10 1.570796
16.801702	19.653482	16.923789	1	0.842581	-0.088412	-0.531262	-0.181321	0.882279	-0.434404	0.507128	0.462349	0.727361	10 1.570796
20.951099	25.499113	19.896665	1	0.385668	-0.632356	0.671852	-0.633343	0.348073	0.691174	-0.670923	-0.692077	-0.266258	10 1.570796
25.902524	7.984676	19.710090	1	-0.026120	-0.261689	0.964799	0.944733	-0.321973	-0.061755	0.326800	0.909864	0.255636	10 1.570796
22.319324	12.504731	2.446215	1	-0.388026	-0.101210	0.916074	0.490427	0.818875	0.298203	-0.780332	0.564978	-0.268109	10 1.570796
0.990549	17.862140	20.579072	1	0.219472	0.953406	0.207002	-0.895220	0.281144	-0.345744	-0.387832	-0.109431	0.915211	10 1.570796
2.299744	18.775566	23.688357	1	-0.110680	0.993788	-0.011598	-0.520329	-0.067884	-0.851263	-0.846763	-0.088183	0.524611	10 1.570796
9.093799	23.893972	17.494707	1	-0.853736	0.356444	0.379583	0.343457	0.933392	-0.104008	-0.391373	0.041575	-0.919293	10 1.570796
16.471563	1.085172	18.237289	1	0.649753	-0.758603	0.048406	-0.581408	-0.536986	-0.611237	0.489679	0.369010	-0.789966	10 1.570796
17.852646	1.461258	4.431829	1	-0.759274	-0.582778	0.289609	-0.509751	0.809247	0.292015	-0.404544	0.074091	-0.911512	10 1.570796
25.268437	10.315790	0.702173	1	-0.155307	0.553302	-0.818375	-0.689390	0.532644	0.490949	0.707545	0.640427	0.298718	10 1.570796
23.941468	22.843567	19.583980	1	0.872032	-0.372679	0.317284	0.349068	0.927955	0.130580	-0.343090	-0.003116	0.939297	10 1.570796
17.329216	23.286819	2.190829	1	-0.838298	-0.482029	-0.254766	0.325154	-0.817089	0.476066	-0.437645	0.316247	0.841697	10 1.570796
9.125514	3.310070	14.488358	1	-0.938218	0.259575	-0.228841	-0.115784	0.387710	0.914481	0.326100	0.884478	-0.333701	10 1.570796
14.859644	15.032555	7.885714	1	-0.147176	-0.221100	-0.964081	-0.937637	0.341521	0.064815	0.314923	0.913498	-0.257575	10 1.570796
11.395369	10.098665	10.762941	1	0.850817	-0.157949	-0.501160	0.525310	0.278495	0.804046	0.012573	-0.947361	0.319920	10 1.570796
11.458212	9.517957	3.125603	1	-0.218978	0.373630	-0.901360	0.376587	-0.819840	-0.431328	-0.900128	-0.433892	0.038823	10 1.570796
22.441939	8.493657	1.220396	1	0.233065	0.168594	0.957735	0.972021	-0.070029	-0.224213	0.029269	0.983194	-0.180198	10 1.570796
12.920251	14.863125	17.265702	1	0.645257	-0.759096	-0.086117	-0.746592	-0.602662	-0.281776	0.161995	0.246113	-0.955608	10 1.570796
5.179364	19.875831	22.301455	1	0.606949	-0.365603	0.705653	-0.110391	0.840513	0.530426	-0.787036	-0.399840	0.469789	10 1.570796
21.095907	13.039573	12.386859	1	0.238658	0.968361	0.072932	-0.885852	0.247863	-0.392213	-0.397881	0.028998	0.916979	10 1.570796
2.437412	6.929246	14.760417	1	0.444349	-0.531898	0.720860	-0.867534	-0.054760	0.494355	-0.223472	-0.845036	-0.485772	10 1.570796
4.483649	24.827869	23.914039	1	0.649989	-0.758070	-0.053333	0.452739	0.442644	-0.774011	0.610362	0.478953	0.630923	10 1.570796
5.157415	25.431383	1.695167	1	0.515948	0.766570	-0.382319	0.618625	-0.642154	-0.452705	-0.592538	-0.002940	-0.805538	10 1.570796
1.650755	7.007056	5.430375	1	-0.118766	0.892814	0.434486	0.646400	-0.262635	0.716372	0.753698	0.365933	-0.545923	10 1.570796
24.051552	26.040107	17.061186	1	-0.869818	0.485643	0.086994	0.483930	0.805470	0.342095	0.096065	0.339659	-0.935629	10 1.570796
13.033100	10.304995	14.256126	1	-0.593628	0.730796	-0.336961	0.049101	0.450832	0.891257	0.803241	0.512530	-0.303510	10 1.570796
3.425498	14.535306	2.658193	1	-0.848631	0.200282	0.489605	-0.012733	-0.933020	0.359597	0.528832	0.298932	0.794340	10 1.570796
18.962287	19.960209	7.466430	1	-0.797849	-0.303591	-0.520835	0.190689	-0.946675	0.259699	-0.571903	0.107884	0.813196	10 1.570796
7.191361	5.365444	8.061939	1	0.617271	0.692251	-0.373852	0.371982	-0.675513	-0.636641	-0.693258	0.253914	-0.674479	10 1.570796
1.901597	1.253977	19.662625	1	0.434935	-0.413826	0.799737	0.707893	0.706046	-0.019641	-0.556523	0.574671	0.600029	10 1.570796
23.662808	7.826192	16.730121	1	0.841096	-0.533700	0.087868	0.484706	0.815817	0.315438	-0.240034	-0.222723	0.944869	10 1.570796
12.855391	4.995123	11.039067	1	-0.544677	-0.363107	0.755964	0.767455	-0.579256	0.274727	0.338141	0.729805	0.594176	10 1.570796
5.931267	14.952926	9.318307	1	-0.024585	0.830233	-0.556875	-0.930059	0.185272	0.317277	0.366586	0.525727	0.767610	10 1.570796
6.380890	11.715193	24.350250	1	0.556891	0.407547	0.723725	0.810448	-0.075917	-0.580871	-0.181789	0.910023	-0.372573	10 1.570796
12.032342	3.535737	7.612404	1	-0.705453	-0.176432	-0.686446	0.607979	-0.648427	-0.458152	-0.364278	-0.740549	0.564702	10 1.570796
16.977709	21.362105	18.990393	1	-0.482675	0.845065	0.229974	-0.766287	-0.280355	-0.578105	-0.424062	-0.455263	0.782884	10 1.570796
13.819228	20.832626	11.676175	1	0.361369	-0.917427	-0.166554	0.573060	0.077616	0.815830	-0.735536	-0.390262	0.553789	10 1.570796
13.036860	8.033142	14.463883	1	-0.176027	0.984217	-0.018176	-0.818427	-0.136065	0.558268	0.546984	0.113145	0.829462	10 1.570796
6.945117	18.892862	22.531998	1	0.332398	-0.941389	0.057418	0.744659	0.299321	0.596565	-0.578787	-0.155540	0.800508	10 1.570796
11.343415	11.322562	0.152864	1	-0.196547	-0.663059	0.722303	0.607931	0.495569	0.620347	-0.769278	0.561038	0.305692	10 1.570796
8.113970	24.084672	14.736280	1	0.673017	0.047163	-0.738122	0.341653	0.865289	0.366807	0.655989	-0.499049	0.566241	10 1.570796
22.042493	15.361071	2.820533	1	-0.476404	-0.809020	-0.344278	0.725985	-0.141077	-0.673084	0.495968	-0.570601	0.654546	10 1.570796
13.000356	19.489423	15.022592	1	0.664550	0.740139	0.102798	0.713643	-0.669422	0.206368	0.221557	-0.063780	-0.973060	10 1.570796
8.444487	19.682751	16.588534	1	-0.664642	0.746996	-0.015755	-0.738748	-0.660167	-0.135756	-0.111811	-0.078590	0.990617	10 1.570796
3.808169	17.078334	8.010086	1	0.609514	-0.062522	-0.790306	-0.524841	-0.778966	-0.343152	-0.594167	0.623941	-0.507605	10 1.570796
23.877123	4.821078	18.925375	1	0.347411	0.737141	0.579594	-0.937693	0.277166	0.209551	-0.006175	-0.616282	0.787502	10 1.570796
22.716070	9.568644	9.354299	1	0.905590	-0.106893	0.410464	-0.312096	0.487408	0.815494	-0.287234	-0.866607	0.408031	10 1.570796
12.546400	8.238851	20.813017	1	0.135955	-0.095805	0.986072	0.089591	0.992424	0.084069	-0.986656	0.076914	0.143509	10 1.570796
14.861311	7.948592	10.342830	1	0.411430	-0.412366	0.812822	-0.900498	-0.321689	0.292609	0.140814	-0.852333	-0.503687	10 1.570796
19.787483	8.917235	4.906061	1	0.135772	0.453081	0.881069	-0.467730	-0.754648	0.460147	0.873381	-0.474577	0.109460	10 1.570796
17.751290	8.260528	19.358033	1	0.682993	0.143064	-0.716278	-0.705823	-0.123100	-0.697610	-0.187976	0.982028	0.016902	10 1.570796
20.915949	13.361953	9.210137	1	0.333684	0.936039	-0.111738	0.937179	-0.316604	0.146484	0.101738	-0.153598	-0.982882	10 1.570796
25.925890	1.661084	15.354178	1	0.721926	0.618807	0.309677	-0.172836	-0.272090	0.946623	0.670037	-0.736915	-0.089477	10 1.570796
7.497259	10.777391	10.853196	1	-0.055856	0.597838	-0.799668	-0.342738	-0.763733	-0.547032	-0.937769	0.243522	0.247561	10 1.570796
11.052692	25.890859	16.775385	1	0.613138	0.769670	-0.177961	-0.741902	0.483638	-0.464410	-0.271374	0.416776	0.867556	10 1.570796
2.275921	18.458463	3.141331	1	0.096722	0.864126	-0.493894	-0.528642	0.465044	0.710122	0.843317	0.192409	0.501793	10 1.570796
16.180821	6.106326	11.379766	1	-0.542748	0.252469	-0.801051	-0.641148	-0.740631	0.200982	-0.542542	0.622676	0.563846	10 1.570796
23.318684	14.755000	5.127231	1	-0.622448	-0.418596	0.661313	0.742886	-0.581927	0.330881	0.246332	0.697236	0.673189	10 1.570796
0.249385	12.821189	20.536490	1	0.870577	0.035537	0.490748	-0.085656	-0.971213	0.222283	0.484520	-0.235550	-0.842470	10 1.570796
3.562935	19.330840	9.207110	1	-0.578481	0.575000	-0.578562	-0.185544	0.597937	0.779773	0.794313	0.558432	-0.239207	10 1.570796
4.270448	18.809519	14.250985	1	0.520982	-0.135311	0.842774	0.673079	-0.542072	-0.503112	0.524921	0.829367	-0.191336	10 1.570796
12.681794	14.576542	9.474624	1	-0.422163	0.359232	0.832305	0.565946	-0.612784	0.551544	0.708155	0.703881	0.055388	10 1.570796
6.645131	2.362698	10.162845	1	-0.832079	-0.120877	0.541326	0.064316	0.948353	0.310628	-0.550916	0.293283	-0.781331	10 1.570796
13.761340	25.055265	18.077774	1	-0.326807	0.944464	0.034422	-0.927012	-0.313254	-0.206205	-0.183970	-0.099298	0.977904	10 1.570796
11.549789	12.659463	16.764875	1	-0.908418	-0.356241	-0.218789	-0.247622	0.880157	-0.404976	0.336838	-0.313711	-0.887764	10 1.570796
3.895764	16.897208	3.173615	1	-0.335231	-0.295695	-0.894530	-0.254338	-0.885814	0.388130	-0.907156	0.357626	0.221746	10 1.570796
16.241994	5.659121	8.053274	1	-0.246795	0.259489	0.933680	-0.962764	-0.175375	-0.205742	0.110356	-0.949689	0.293108	10 1.570796
20.604350	12.256147	0.760698	1	-0.642147	-0.665796	-0.379952	-0.006822	0.500589	-0.865658	0.766551	-0.553287	-0.325994	10 1.570796
7.880091	21.384480	4.116176	1	-0.272443	-0.096737	0.957297	-0.426402	-0.879758	-0.210254	0.862529	-0.465476	0.198436	10 1.570796
25.255878	10.637400	10.115626	1	0.422565	-0.589764	0.688198	-0.772927	-0.631033	-0.066186	0.473310	-0.503959	-0.722497	10 1.570796
9.880424	18.310211	5.233299	1	-0.429039	-0.805560	-0.408653	-0.404223	-0.233355	0.884391	-0.807792	0.544626	-0.225507	10 1.570796
9.580775	16.205282	0.577633	1	0.155331	0.294762	0.942861	-0.830915	-0.477220	0.286078	0.534277	-0.827875	0.170795	10 1.570796
10.996286	19.756720	19.791268	1	-0.578256	0.008690	-0.815809	0.084531	-0.993923	-0.070503	-0.811464	-0.109730	0.574007	10 1.570796
3.699839	24.330384	24.724690	1	0.403305	0.439434	0.802647	0.498034	0.630442	-0.595402	-0.767663	0.639874	0.035408	10 1.570796
13.444410	3.219252	7.278328	1	0.179511	0.981207	-0.070761	0.763042	-0.093475	0.639554	0.620921	-0.168800	-0.765483	10 1.570796
25.641589	22.532656	7.832532	1	-0.726324	0.506503	0.464660	-0.158620	-0.781280	0.603690	0.668800	0.364771	0.647803	10 1.570796
19.674717	16.918667	21.411431	1	0.389019	0.908867	0.150413	-0.445021	0.328362	-0.833148	-0.806610	0.257173	0.532204	10 1.570796
5.757776	9.646447	4.318758	1	-0.424876	-0.904440	-0.038322	-0.484703	0.191536	0.853451	-0.764554	0.381186	-0.519764	10 1.570796
15.038718	8.890066	4.987561	1	0.709061	0.629809	-0.317132	-0.563358	0.776450	0.282407	0.424100	-0.021586	0.905358	10 1.570796
11.574739	19.450838	6.515096	1	0.091262	-0.913536	0.396388	-0.714209	0.217343	0.665333	-0.693958	-0.343824	-0.632620	10 1.570796
6.698741	12.460475	11.590775	1	-0.909847	0.328529	0.253471	-0.411888	-0.641063	-0.647600	-0.050265	-0.693619	0.718587	10 1.570796
9.447207	4.496654	13.920571	1	0.636618	-0.769683	0.047997	0.298724	0.303502	0.904793	-0.710972	-0.561670	0.423139	10 1.570796
9.790023	0.559438	16.324612	1	-0.093283	0.927583	-0.361784	0.983638	0.029610	-0.177704	-0.154123	-0.372441	-0.915169	10 1.570796
3.478789	22.177338	2.241360	1	-0.672396	0.739249	-0.037358	0.290831	0.310269	0.905069	0.680662	0.597700	-0.423620	10 1.570796
6.005490	25.594594	17.679646	1	0.316374	0.580480	-0.750300	0.699434	0.391581	0.597877	0.640859	-0.713939	-0.282121	10 1.570796
4.689397	2.336020	10.076740	1	-0.013201	-0.925912	0.377507	0.521653	-0.328468	-0.787392	0.853055	0.186534	0.487341	10 1.570796
11.960301	25.707598	7.324212	1	-0.015689	-0.403913	0.914663	-0.945262	0.304186	0.118114	-0.325935	-0.862742	-0.386577	10 1.570796
20.207083	9.034279	7.628728	1	0.150438	0.406846	0.901024	-0.984814	0.141569	0.100503	-0.086668	-0.902460	0.421965	10 1.570796
22.243603	12.793294	5.663529	1	0.994889	-0.087657	-0.050111	0.075600	0.975677	-0.205766	0.066929	0.200925	0.977317	10 1.570796
22.682198	23.084518	19.263099	1	0.760979	-0.333964	0.556219	-0.027820	-0.873343	-0.486309	0.648180	0.354597	-0.673886	10 1.570796
19.532363	17.623701	0.252258	1	0.006640	0.239340	0.970913	-0.967799	-0.242788	0.066469	0.251635	-0.940091	0.230020	10 1.570796
5.656432	7.097915	12.067066	1	0.979866	-0.005154	-0.199590	0.199201	0.092763	0.975559	0.013487	-0.995675	0.091922	10 1.570796
14.229587	12.537295	3.292319	1	-0.534054	-0.158333	-0.830493	0.307953	-0.951255	-0.016675	-0.787370	-0.264658	0.556781	10 1.570796
6.576439	24.558780	6.462813	1	-0.979639	0.166993	-0.111451	0.084429	0.846312	0.525955	0.182154	0.505835	-0.843179	10 1.570796
21.864451	19.120341	20.101182	1	-0.451266	-0.670006	0.589450	0.666846	-0.692124	-0.276193	0.593023	0.268435	0.759123	10 1.570796
18.618587	22.903880	1.017127	1	-0.173368	-0.173645	0.969428	0.869384	-0.489463	0.067804	0.462725	0.854560	0.235822	10 1.570796
0.705929	22.513580	22.830724	1	0.572069	0.678641	0.460632	-0.435499	-0.224578	0.871725	0.695037	-0.699293	0.167074	10 1.570796
7.108920	12.422326	14.376912	1	0.347941	-0.057761	-0.935736	0.657284	0.726747	0.199541	0.668517	-0.684472	0.290830	10 1.570796
23.804633	3.088489	11.016315	1	-0.120125	0.118726	0.985634	0.748521	-0.641350	0.168481	0.652140	0.758006	-0.011826	10 1.570796
25.792120	3.846933	21.056816	1	0.499091	0.487503	-0.716414	-0.630592	0.771379	0.085604	0.594359	0.409040	0.692403	10 1.570796
19.870173	19.875450	23.354058	1	0.793086	-0.511678	0.330455	0.144831	-0.368550	-0.918257	0.591641	0.776117	-0.218184	10 1.570796
1.036162	17.614541	5.944029	1	-0.644767	-0.271466	-0.714551	0.156399	0.868182	-0.470956	0.748208	-0.415412	-0.517318	10 1.570796
7.343466	20.148933	19.390864	1	-0.178165	-0.827659	0.532201	0.870581	-0.384673	-0.306782	0.458635	0.408667	0.789080	10 1.570796
9.368817	15.426126	3.444269	1	-0.528843	0.834789	-0.153137	0.749606	0.544035	0.376985	0.398014	0.084574	-0.913472	10 1.570796
9.688088	3.811781	23.836785	1	-0.002850	-0.806662	-0.591006	-0.778807	-0.368925	0.507301	-0.627258	0.461725	-0.627183	10 1.570796
3.052054	0.442071	14.853358	1	-0.633321	-0.463271	-0.619907	0.658028	-0.743961	-0.116288	-0.407313	-0.481564	0.776011	10 1.570796
2.068892	2.849924	14.892160	1	0.003046	-0.493910	0.869507	0.374967	-0.805506	-0.458869	0.927034	0.327434	0.182746	10 1.570796
8.980535	14.178073	14.624249	1	-0.807855	-0.581874	0.093766	-0.578690	0.813263	0.060992	-0.111746	-0.004988	-0.993724	10 1.570796
1.751873	25.699345	16.767590	1	-0.629475	0.011067	0.776943	0.728631	0.355756	0.585265	-0.269925	0.934514	-0.232003	10 1.570796
23.409526	14.653774	11.261953	1	0.819105	-0.559009	-0.128747	-0.541361	-0.827518	0.148807	-0.189725	-0.052190	-0.980449	10 1.570796
15.124571	25.712680	20.562967	1	0.974398	0.205425	0.091369	-0.222302	0.819543	0.528138	0.033612	-0.534929	0.844228	10 1.570796
19.956886	19.810810	25.026128	1	0.446609	-0.881886	0.151052	0.046543	-0.145698	-0.988234	0.893518	0.448385	-0.024025	10 1.570796
14.413698	21.853287	18.601236	1	-0.529655	0.628150	-0.569995	0.764444	0.644691	0.000124	0.367549	-0.435663	-0.821649	10 1.570796
14.948390	3.007452	17.771732	1	0.537213	0.425788	-0.728083	-0.760427	0.617959	-0.199692	0.364900	0.660931	0.655757	10 1.570796
15.165167	9.698826	11.950277	1	0.519995	0.365633	-0.771956	0.431830	-0.892283	-0.131741	-0.736972	-0.264850	-0.621875	10 1.570796
2.759199	8.962706	26.015701	1	0.662837	0.711274	-0.233960	-0.736951	0.564434	-0.371909	-0.132475	0.418932	0.898302	10 1.570796
17.789149	3.186919	3.934093	1	-0.216123	0.222661	-0.950638	-0.649649	0.694045	0.310255	0.728867	0.684635	-0.005347	10 1.570796
22.248300	13.522944	12.884187	1	-0.464105	-0.041011	0.884831	0.884513	0.031972	0.465420	-0.047378	0.998647	0.021437	10 1.570796
25.521965	17.635353	2.427627	1	-0.739570	0.441601	0.507963	0.510755	0.859718	-0.003765	-0.438368	0.256660	-0.861371	10 1.570796
14.996716	3.192923	7.122408	1	0.599469	-0.587309	-0.543788	-0.218801	0.533273	-0.817157	0.769911	0.608842	0.191178	10 1.570796
13.506201	23.356262	15.163484	1	-0.436964	0.455771	-0.775459	0.890301	0.096310	-0.445070	-0.128166	-0.884871	-0.447858	10 1.570796
1.027936	5.935930	14.666506	1	-0.056082	-0.732790	0.678139	0.917761	-0.305290	-0.253995	0.393154	0.608126	0.689648	10 1.570796
21.700413	18.186780	20.919335	1	0.060479	0.338908	0.938873	-0.278213	-0.897597	0.341930	0.958614	-0.281886	0.040004	10 1.570796
14.117188	15.431958	1.586811	1	-0.101955	-0.477937	0.872457	-0.317832	-0.815410	-0.483828	0.942649	-0.326623	-0.068768	10 1.570796
15.254360	7.913748	21.073703	1	0.064057	-0.976985	-0.203463	-0.994395	-0.045304	-0.095532	0.084115	0.208442	-0.974411	10 1.570796
17.870786	24.101315	22.090737	1	0.257614	0.140133	-0.956032	0.966234	-0.031991	0.255674	0.005244	-0.989615	-0.143642	10 1.570796
21.192773	3.374712	9.908859	1	0.123623	0.792039	-0.597823	0.902744	0.160381	0.399163	0.412033	-0.589026	-0.695182	10 1.570796
17.460122	18.089962	11.143728	1	-0.423030	-0.302176	0.854245	0.708478	-0.698039	0.103925	0.564893	0.649177	0.509377	10 1.570796
0.178192	22.794270	20.517035	1	-0.486502	0.868158	-0.098080	0.870686	0.491055	0.027767	0.072269	-0.071888	-0.994791	10 1.570796
19.883730	23.187310	5.422361	1	-0.950527	-0.203754	0.234484	-0.307342	0.507118	-0.805216	0.045154	-0.837447	-0.544651	10 1.570796
23.839230	16.366169	0.566758	1	0.675813	0.182495	0.714123	-0.173642	-0.902175	0.394878	0.716327	-0.390866	-0.578013	10 1.570796
15.479084	2.567714	9.532564	1	0.738616	-0.578301	-0.346433	0.666679	0.702799	0.248218	0.099927	-0.414297	0.904640	10 1.570796
0.260325	24.808926	6.812707	1	0.317080	-0.892310	0.321314	0.731096	0.014163	-0.682127	0.604118	0.451201	0.656855	10 1.570796
14.445665	5.770305	13.576020	1	-0.688051	0.052427	-0.723766	0.232141	-0.929073	-0.287984	-0.687529	-0.366163	0.627079	10 1.570796
25.363594	15.773715	6.119219	1	-0.298016	-0.777953	0.553150	-0.581598	-0.311519	-0.751464	0.756921	-0.545661	-0.359619	10 1.570796
2.847218	4.681376	1.353878	1	-0.592797	-0.511547	-0.622023	0.802967	-0.316020	-0.505348	0.061936	-0.799032	0.598091	10 1.570796
11.767799	18.183268	4.666435	1	-0.771269	0.453265	-0.446873	0.578231	0.205471	-0.789575	-0.266067	-0.867371	-0.420565	10 1.570796
10.826016	14.465184	20.166679	1	-0.322237	-0.003871	-0.946652	0.828888	-0.484200	-0.280170	-0.457284	-0.874948	0.159236	10 1.570796
13.080088	23.732774	22.920396	1	-0.141843	-0.481871	0.864685	0.259794	-0.861020	-0.437210	0.955190	0.162624	0.247316	10 1.570796
10.424001	19.941297	2.362463	1	0.250638	-0.406915	0.878408	0.243135	-0.851828	-0.463976	0.937052	0.329862	-0.114565	10 1.570796
14.620879	20.705495	2.843979	1	0.591858	0.569912	-0.570005	0.804872	-0.455973	0.379829	-0.043438	-0.683586	-0.728577	10 1.570796
10.763307	9.049602	15.300818	1	0.835014	0.350448	-0.424191	-0.468696	0.856867	-0.214718	0.288228	0.378109	0.879749	10 1.570796
9.126299	22.083546	21.144802	1	0.092069	0.752986	0.651564	-0.988764	-0.008255	0.149256	0.117766	-0.657985	0.743765	10 1.570796
20.430995	13.704411	10.670798	1	0.394587	0.918703	0.016940	-0.430821	0.168694	0.886531	0.811600	-0.357111	0.462361	10 1.570796
3.430088	16.984630	5.271618	1	0.815963	0.220640	0.534343	-0.573964	0.419607	0.703203	-0.069059	-0.880482	0.469024	10 1.570796
11.126217	25.180462	24.202753	1	-0.315651	0.537518	0.781946	-0.411218	0.665178	-0.623247	-0.855140	-0.518279	0.011073	10 1.570796
13.036749	0.258494	3.089605	1	0.439260	-0.268486	-0.857302	0.670119	-0.537653	0.511732	-0.598323	-0.799277	-0.056252	10 1.570796
23.608946	13.537707	13.059675	1	-0.210522	-0.946271	-0.245462	-0.610958	0.323367	-0.722610	0.763158	-0.002159	-0.646207	10 1.570796
5.332834	7.279519	1.749409	1	0.785098	0.165276	-0.596912	-0.582492	0.524615	-0.620873	0.210533	0.835143	0.508146	10 1.570796
22.256328	25.411834	13.713507	1	0.814239	0.393753	0.426584	0.293248	0.355202	-0.887601	-0.501019	0.847815	0.173752	10 1.570796
7.939233	13.432611	22.429912	1	-0.361853	0.102637	-0.926568	0.271935	-0.939073	-0.210222	-0.891692	-0.328035	0.311896	10 1.570796
21.131465	7.686703	3.849220	1	-0.785511	-0.084754	0.613017	-0.261405	-0.852424	-0.452814	0.560928	-0.515936	0.647433	10 1.570796
13.052129	20.676329	24.894440	1	-0.923037	-0.158697	-0.350454	0.121379	-0.984558	0.126146	-0.365062	0.073900	0.928046	10 1.570796
0.449667	22.732183	17.935473	1	0.509893	-0.096881	-0.854765	0.196029	-0.954410	0.225112	-0.837604	-0.282342	-0.467655	10 1.570796
4.398400	21.973247	17.806499	1	-0.135690	-0.981975	0.131579	0.990391	-0.138025	-0.008741	0.026744	0.129128	0.991267	10 1.570796
10.506615	22.222242	20.828960	1	-0.094502	0.931476	0.351313	-0.394980	0.288847	-0.872100	-0.913816	-0.221176	0.340618	10 1.570796
0.221644	7.203284	15.959023	1	0.208290	0.697772	0.685367	-0.904073	0.404725	-0.137294	-0.373186	-0.591026	0.715138	10 1.570796
4.851667	16.354376	2.542285	1	-0.853514	0.519237	0.043668	-0.214960	-0.427207	0.878229	0.474664	0.740194	0.476243	10 1.570796
25.253381	18.938214	22.590871	1	0.992980	0.103732	-0.056836	-0.005367	-0.440509	-0.897732	-0.118160	0.891735	-0.436859	10 1.570796
24.075775	21.921875	15.216102	1	-0.709538	-0.018306	0.704429	-0.695061	-0.146327	-0.703903	0.115963	-0.989067	0.091101	10 1.570796
14.836200	5.329087	25.005304	1	-0.439492	-0.373165	0.817065	-0.884993	0.335570	-0.322770	-0.153736	-0.864952	-0.477728	10 1.570796
5.393099	8.874731	14.764197	1	-0.422564	-0.678765	0.600596	0.530204	0.352313	0.771206	-0.735066	0.644323	0.211010	10 1.570796
25.539291	2.233913	5.006376	1	-0.411279	-0.101822	0.905805	0.707368	0.591083	0.387623	-0.574875	0.800158	-0.171075	10 1.570796
12.249062	20.158977	1.203474	1	0.464452	0.436474	-0.770567	-0.854091	0.450793	-0.259452	0.234122	0.778638	0.582160	10 1.570796
4.300314	6.455634	5.328003	1	-0.370923	0.845677	-0.383727	-0.924676	-0.374576	0.068314	-0.085963	0.380162	0.920917	10 1.570796
24.744007	1.470428	7.692063	1	-0.790570	-0.084077	-0.606573	0.610025	-0.021475	-0.792091	0.053571	-0.996228	0.068267	10 1.570796
2.783888	17.575475	12.458818	1	0.201146	0.584899	0.785769	-0.979117	0.095912	0.179247	0.029477	-0.805415	0.591977	10 1.570796
9.981407	3.447506	0.732201	1	0.522536	0.841363	0.138076	-0.302901	0.031805	0.952491	0.796999	-0.539534	0.271469	10 1.570796
13.367306	25.740319	20.759879	1	-0.500769	0.098337	0.859977	-0.780917	-0.479876	-0.399859	0.373361	-0.871808	0.317101	10 1.570796
5.629829	11.887476	18.439747	1	-0.586906	0.055690	-0.807738	-0.687127	0.493415	0.533289	0.428249	0.868010	-0.251322	10 1.570796
12.299988	21.188696	18.299752	1	-0.993217	-0.020898	0.114381	-0.106506	-0.231137	-0.967074	0.046647	-0.972696	0.227343	10 1.570796
16.895093	20.341908	15.835996	1	-0.139791	0.891503	-0.430907	0.772359	0.370489	0.515946	0.619614	-0.260690	-0.740350	10 1.570796
24.583713	18.760605	13.167417	1	-0.763465	-0.014736	-0.645681	0.348929	0.831866	-0.431565	0.543479	-0.554782	-0.629959	10 1.570796
25.733602	1.969128	17.626901	1	0.234601	0.609244	0.757485	-0.112236	0.790996	-0.601438	-0.965591	0.056082	0.253948	10 1.570796
5.436785	22.188351	21.775327	1	-0.829784	-0.499373	0.249168	0.557623	-0.760020	0.333806	0.022679	0.415928	0.909114	10 1.570796
5.171276	23.090451	8.056419	1	-0.614327	-0.433824	-0.659090	-0.296850	0.900996	-0.316362	0.731084	0.001301	-0.682287	10 1.570796
19.511130	11.285558	23.093322	1	-0.908116	-0.386509	0.161052	-0.255274	0.206160	-0.944634	0.331907	-0.898949	-0.285882	10 1.570796
8.837197	21.270838	1.459533	1	-0.492459	-0.858712	-0.141765	-0.115489	-0.096970	0.988564	-0.862640	0.503199	-0.051418	10 1.570796
18.882446	9.286613	13.683955	1	0.223295	0.787468	0.574484	-0.223174	-0.532409	0.816539	0.948859	-0.310540	0.056858	10 1.570796
22.653237	12.174225	21.830796	1	-0.887675	-0.092722	0.451039	0.436512	-0.481286	0.760145	0.146597	0.871646	0.467700	10 1.570796
19.227746	3.500460	14.722400	1	0.554051	0.392201	-0.734307	-0.076292	0.902278	0.424352	0.828980	-0.179091	0.529829	10 1.570796
9.323017	8.385326	14.082832	1	-0.072468	-0.808035	-0.584661	0.975022	0.066005	-0.212074	0.209953	-0.585426	0.783069	10 1.570796
0.204455	18.311128	3.338100	1	-0.588955	-0.703190	0.398316	0.628743	-0.708339	-0.320841	0.507754	0.061477	0.859306	10 1.570796
23.894831	21.260072	6.554674	1	-0.409905	0.239234	-0.880196	0.910271	0.045742	-0.411479	-0.058179	-0.969884	-0.236518	10 1.570796
5.686213	3.530466	10.038961	1	0.646684	-0.459618	0.608729	-0.067319	-0.829340	-0.554674	0.759781	0.317720	-0.567263	10 1.570796
22.516732	20.435964	17.010782	1	0.513735	-0.796786	-0.318133	-0.049492	0.342666	-0.938153	0.856520	0.497707	0.136605	10 1.570796
23.244831	17.959474	2.064762	1	-0.486317	0.031824	-0.873203	0.532419	-0.781600	-0.325009	-0.692838	-0.622968	0.363162	10 1.570796
2.643836	25.596747	8.429553	1	0.196661	0.857505	-0.475404	0.570327	-0.494450	-0.655932	-0.797528	-0.142140	-0.586298	10 1.570796
6.726402	8.380986	12.082796	1	-0.599525	0.014407	-0.800227	0.163602	-0.976520	-0.140151	-0.783457	-0.214942	0.583091	10 1.570796
20.982501	16.804758	13.801811	1	-0.397277	0.842315	0.364249	0.435575	-0.176284	0.882722	0.807741	0.509342	-0.296857	10 1.570796
21.443662	12.248018	14.296177	1	-0.948771	0.188947	-0.253246	0.134276	0.966633	0.218153	0.286015	0.172972	-0.942484	10 1.570796
9.703609	11.070990	17.145928	1	0.235172	0.502472	-0.831995	-0.354051	0.841477	0.408123	0.905175	0.198590	0.375793	10 1.570796
20.004412	21.583554	3.166068	1	0.751559	-0.516627	0.410188	0.025634	0.644215	0.764415	-0.659167	-0.563989	0.497408	10 1.570796
14.625725	14.494856	12.992769	1	-0.683780	-0.616488	0.390370	-0.521863	0.039246	-0.852126	0.510005	-0.786386	-0.348558	10 1.570796
20.318129	22.171598	13.071455	1	0.517559	0.830335	-0.206579	-0.837529	0.541035	0.076331	0.175147	0.133509	0.975448	10 1.570796
5.700391	21.645318	19.389836	1	0.681297	-0.549026	0.484153	-0.594491	-0.800903	-0.071654	0.427100	-0.239008	-0.872045	10 1.570796
5.879394	18.548163	13.977266	1	-0.722392	-0.461420	-0.515016	-0.486138	-0.190771	0.852805	-0.491752	0.866428	-0.086502	10 1.570796
11.553894	14.918801	13.484721	1	0.885191	0.235847	0.401015	0.312572	0.336940	-0.888127	-0.344581	0.911508	0.224536	10 1.570796
17.477853	12.156082	12.510012	1	0.357951	0.027878	-0.933324	-0.774123	0.567777	-0.279934	0.522116	0.822710	0.224818	10 1.570796
4.191397	12.550978	25.047623	1	0.466492	-0.865582	-0.182080	0.319055	-0.027329	0.947342	-0.824978	-0.500021	0.263420	10 1.570796
5.821036	11.241239	9.362247	1	-0.539202	-0.357870	-0.762358	-0.151431	0.931669	-0.330245	0.828451	-0.062624	-0.556550	10 1.570796
23.354887	21.600317	5.348721	1	0.645964	-0.714947	-0.267550	-0.650997	-0.698971	0.296042	-0.398664	-0.017058	-0.916939	10 1.570796
0.550808	22.129615	24.002664	1	0.517168	-0.014831	-0.855755	-0.835897	-0.223572	-0.501292	-0.183888	0.974574	-0.128022	10 1.570796
20.854835	9.873940	1.852396	1	-0.199879	-0.333532	0.921306	-0.961811	-0.112663	-0.249453	0.186998	-0.935983	-0.298276	10 1.570796
5.857093	10.211405	10.264149	1	-0.212885	-0.814455	0.539763	0.915108	-0.359803	-0.181990	0.342431	0.455198	0.821910	10 1.570796
22.577993	20.685809	5.657776	1	0.547139	0.257186	0.796551	-0.586705	-0.560897	0.584099	0.597006	-0.786924	-0.155997	10 1.570796
22.234414	6.890868	24.316262	1	0.201801	0.364613	0.909029	-0.935803	-0.202130	0.288819	0.289049	-0.908957	0.300415	10 1.570796
24.847469	21.278765	12.129028	1	-0.864456	0.495804	-0.083027	0.421701	0.625292	-0.656641	-0.273649	-0.602650	-0.749619	10 1.570796
12.391771	23.635848	6.468898	1	0.481250	0.689023	-0.541892	-0.628724	-0.159449	-0.761106	-0.610824	0.706982	0.356470	10 1.570796
11.601801	3.806801	11.332525	1	-0.523437	-0.670834	-0.525352	0.631810	0.108105	-0.767547	0.571691	-0.733685	0.367254	10 1.570796
22.412963	14.761273	21.959910	1	0.620737	0.494840	0.608128	0.353236	0.515952	-0.780396	-0.699935	0.699234	0.145475	10 1.570796
22.497601	20.110921	25.534064	1	-0.758358	-0.595570	-0.264931	0.134684	0.254499	-0.957648	0.637772	-0.761922	-0.112788	10 1.570796
4.169880	13.735148	21.461040	1	0.641095	0.604526	-0.472805	0.274580	0.394611	0.876862	0.716661	-0.691975	0.086994	10 1.570796
1.038046	11.830620	1.759997	1	-0.139606	0.782949	0.606218	-0.280192	-0.618427	0.734193	0.949738	-0.067360	0.305713	10 1.570796
13.782374	3.447828	17.984467	1	0.111285	0.412136	0.904301	-0.748560	0.633281	-0.196500	-0.653661	-0.655056	0.378983	10 1.570796
25.944287	24.991921	15.300031	1	0.396047	0.645889	-0.652667	0.824466	0.062773	0.562419	0.404231	-0.760846	-0.507653	10 1.570796
6.427278	12.183469	2.208641	1	-0.292708	-0.949210	-0.115424	-0.756428	0.156020	0.635197	-0.584927	0.273237	-0.763676	10 1.570796
3.908288	15.483933	1.935468	1	0.375225	0.033610	0.926324	-0.432330	-0.877642	0.206968	0.819937	-0.478137	-0.314782	10 1.570796
0.393114	25.060156	21.523886	1	0.522860	0.715960	0.462620	-0.555426	-0.125538	0.822036	0.646622	-0.686762	0.332024	10 1.570796
18.101562	5.620902	3.152813	1	-0.903886	0.288852	-0.315523	-0.427731	-0.599944	0.676102	0.005997	0.746077	0.665832	10 1.570796
2.159525	13.855837	13.451774	1	-0.603603	0.323477	0.728716	-0.679447	0.269515	-0.682432	-0.417151	-0.907041	0.057106	10 1.570796
6.145383	10.121506	23.108766	1	0.850961	0.283129	0.442383	0.312637	-0.949850	0.006530	0.422046	0.132749	-0.896803	10 1.570796
4.359941	8.372592	16.781475	1	-0.576496	0.713388	-0.398409	-0.112855	-0.552433	-0.825883	-0.809269	-0.431155	0.398985	10 1.570796
14.889489	11.316196	11.178691	1	-0.978337	-0.112420	0.173831	-0.196836	0.245090	-0.949308	0.064118	-0.962960	-0.261910	10 1.570796
22.490306	16.362442	5.642685	1	0.963539	-0.092865	-0.250935	0.097867	-0.750532	0.653547	-0.249026	-0.654276	-0.714078	10 1.570796
17.589463	16.474334	5.392701	1	0.162724	0.783083	-0.600252	-0.052484	0.614368	0.787272	0.985275	-0.096605	0.141072	10 1.570796
25.326929	21.141817	6.405731	1	0.461874	0.680918	-0.568352	-0.677067	0.684610	0.269980	0.572933	0.260115	0.777231	10 1.570796
16.814065	26.010695	10.263471	1	0.803782	-0.493082	0.332874	-0.080210	0.464596	0.881882	-0.589492	-0.735541	0.333884	10 1.570796
20.052699	4.685220	4.411183	1	-0.789468	-0.556452	0.259039	0.570506	-0.820921	-0.024733	0.226414	0.128258	0.965550	10 1.570796
17.897952	18.382512	12.655311	1	-0.110281	-0.438836	0.891774	0.980055	0.101227	0.171010	-0.165317	0.892847	0.418919	10 1.570796
25.156754	24.800195	12.375717	1	0.557184	-0.404315	-0.725311	-0.285040	0.727264	-0.624371	0.779934	0.554632	0.289974	10 1.570796
20.054959	1.595890	5.313471	1	-0.440003	0.066629	-0.895521	-0.816329	0.385848	0.429801	0.374172	0.920153	-0.115384	10 1.570796
19.672594	4.522319	6.646739	1	0.353617	0.187055	-0.916496	0.876662	0.275433	0.394463	0.326220	-0.942946	-0.066586	10 1.570796
20.518881	17.046614	4.512536	1	0.677798	0.588620	-0.440587	-0.074009	-0.541571	-0.837391	-0.731515	0.600188	-0.323513	10 1.570796
14.664500	25.333796	21.770989	1	-0.786994	-0.161710	-0.595390	0.450328	0.509076	-0.733516	0.421716	-0.845394	-0.327818	10 1.570796
7.686510	20.641940	6.529253	1	-0.992026	-0.110945	-0.059800	0.031096	0.244352	-0.969188	0.122139	-0.963319	-0.238953	10 1.570796
2.438941	8.735810	5.417027	1	0.401727	-0.750685	0.524487	-0.891792	-0.190519	0.410377	-0.208140	-0.632593	-0.745992	10 1.570796
12.257021	11.041194	2.822807	1	-0.566737	0.484200	0.666603	-0.008687	0.805528	-0.592495	-0.823852	-0.341580	-0.452316	10 1.570796
14.559723	23.620810	14.790042	1	0.372286	0.715102	0.591635	0.839358	0.012630	-0.543432	-0.396081	0.698906	-0.595525	10 1.570796
1.839659	1.188047	25.153899	1	-0.277391	0.187524	-0.942279	0.956971	-0.033056	-0.288294	-0.085209	-0.981704	-0.170285	10 1.570796
17.380301	1.440873	23.599487	1	0.491017	-0.124089	0.862267	-0.776273	-0.511525	0.368434	0.395353	-0.850261	-0.347495	10 1.570796
18.076783	17.213237	11.885201	1	-0.803488	-0.429511	-0.412222	0.336064	-0.898802	0.281454	-0.491394	0.087611	0.866520	10 1.570796
9.373917	4.651209	12.615003	1	-0.073815	0.413995	0.907282	-0.719073	0.608274	-0.336061	-0.691002	-0.677209	0.252792	10 1.570796
23.016254	20.099270	11.892740	1	-0.469222	-0.090045	-0.878477	0.798294	-0.468580	-0.378363	-0.377567	-0.878820	0.291751	10 1.570796
11.838437	18.948369	23.640025	1	0.048008	0.028863	0.998430	0.644316	-0.764707	-0.008875	0.763251	0.643731	-0.055310	10 1.570796
3.464020	5.071948	21.345778	1	0.270025	-0.575963	0.771590	0.771222	-0.350393	-0.531451	0.576457	0.738574	0.349581	10 1.570796
11.726813	17.396191	9.618034	1	-0.263287	0.837812	-0.478278	0.638541	-0.220285	-0.737387	-0.723150	-0.499544	-0.476980	10 1.570796
9.143610	6.850539	11.760816	1	0.816085	-0.316754	0.483397	0.546996	0.153352	-0.822969	0.186549	0.936028	0.298413	10 1.570796
17.132622	22.374730	0.937474	1	0.598110	0.780792	-0.180635	-0.358771	0.462415	0.810836	0.716622	-0.420163	0.556701	10 1.570796
6.329198	20.665448	18.442411	1	-0.158011	0.874264	0.459015	-0.523114	-0.468379	0.712021	0.837487	-0.127611	0.531348	10 1.570796
7.474396	9.279567	16.684924	1	0.023565	-0.647040	0.762092	-0.940092	0.244994	0.237075	-0.340105	-0.722023	-0.602505	10 1.570796
13.632027	3.922013	20.672645	1	-0.091180	0.985848	0.140673	-0.163540	0.124520	-0.978646	-0.982314	-0.112239	0.149872	10 1.570796
22.473199	13.606870	24.750395	1	-0.027649	0.930988	-0.364000	0.060098	-0.361933	-0.930265	-0.997809	-0.047597	-0.045942	10 1.570796
3.978232	0.392396	3.719332	1	-0.812342	-0.408486	0.416220	0.028254	-0.740435	-0.671534	0.582496	-0.533756	0.613027	10 1.570796
6.848029	13.999924	11.438187	1	0.751168	0.644585	0.142329	-0.049524	0.270036	-0.961575	-0.658251	0.715256	0.234764	10 1.570796
16.354751	13.356291	21.850591	1	-0.897535	0.338010	0.283161	0.000089	0.642310	-0.766445	-0.440943	-0.687886	-0.576525	10 1.570796
9.730129	7.324358	20.130533	1	0.717774	-0.190782	-0.669628	-0.679574	0.017427	-0.733400	0.151588	0.981478	-0.117142	10 1.570796
5.280225	3.947132	15.335895	1	0.368286	-0.880163	-0.299465	-0.294620	0.195016	-0.935504	0.881797	0.432761	-0.187492	10 1.570796
2.946933	14.315184	21.416073	1	0.532174	-0.838152	-0.119553	0.711736	0.519370	-0.472955	0.458500	0.166604	0.872938	10 1.570796
2.748997	6.371981	9.099594	1	0.301101	0.745709	-0.594354	0.565514	0.362213	0.740943	0.767810	-0.559214	-0.312646	10 1.570796
0.474025	25.855790	14.484685	1	0.209880	0.895353	0.392800	0.824884	-0.377833	0.420486	0.524896	0.235763	-0.817862	10 1.570796
18.983267	10.233963	0.919324	1	-0.613065	0.761017	0.212139	0.012124	0.277550	-0.960635	-0.789940	-0.586360	-0.179382	10 1.570796
