8000
0.0	0.0	0.0
25.320947	0.000000	0.000000	
0.000000	25.320947	0.000000	
0.000000	0.000000	25.320947	
6.086139	16.305122	19.007969	1	-0.065737	-0.996863	-0.044083	0.220615	-0.057605	0.973658	-0.973143	0.054280	0.223708	10 1.266104
17.808705	5.896687	10.951955	1	0.649647	-0.413711	0.637810	0.571685	0.818878	-0.051136	-0.501133	0.397847	0.768494	10 1.266104
2.045387	13.666222	21.477442	1	0.947348	-0.059906	-0.314553	-0.318419	-0.279890	-0.905689	-0.033784	0.958161	-0.284228	10 1.266104
18.401198	4.303026	14.186064	1	-0.046936	-0.884929	0.463354	0.665057	0.318424	0.675503	-0.745316	0.339862	0.573583	10 1.266104
10.330917	7.127567	11.223634	1	-0.208240	-0.708857	0.673913	0.978005	-0.159276	0.134669	0.011877	0.687134	0.726433	10 1.266104
7.907201	4.729486	8.685787	1	0.217985	-0.524649	-0.822937	0.971206	0.199677	0.129959	0.096140	-0.827571	0.553068	10 1.266104
6.618267	12.524464	3.535928	1	-0.287624	0.061433	0.955771	-0.538400	0.814958	-0.214404	-0.792085	-0.576256	-0.201326	10 1.266104
10.595102	15.913033	6.349293	1	0.691919	-0.711301	0.123695	-0.653335	-0.543965	0.526551	-0.307250	-0.445144	-0.841097	10 1.266104
23.687906	20.660693	3.514123	1	-0.891779	0.374185	-0.254392	0.286321	0.031330	-0.957622	-0.350358	-0.926825	-0.135076	10 1.266104
1.332198	10.636543	6.550755	1	0.577408	-0.801004	-0.158089	0.456545	0.477291	-0.750839	0.676880	0.361366	0.641286	10 1.266104
8.062580	21.357496	0.819114	1	0.748631	0.341261	-0.568413	-0.036219	-0.835019	-0.549028	-0.661998	0.431607	-0.612760	10 1.266104
10.104257	19.545432	12.852109	1	-0.379971	-0.784948	0.489364	-0.631519	0.606698	0.482806	-0.675874	-0.125590	-0.726238	10 1.266104
7.198676	22.277741	17.186411	1	0.647932	0.008384	-0.761652	0.104990	0.989412	0.100206	0.754427	-0.144892	0.640191	10 1.266104
10.440986	7.657391	22.374532	1	-0.759019	0.355324	0.545559	-0.085924	0.775946	-0.624919	-0.645373	-0.521203	-0.558427	10 1.266104
20.577692	13.633556	9.991449	1	-0.419545	-0.792359	-0.442888	-0.829242	0.533018	-0.168074	0.369242	0.296747	-0.880683	10 1.266104
6.530450	20.667489	18.995555	1	-0.277576	-0.580711	0.765328	-0.829555	0.546679	0.113936	-0.484552	-0.603255	-0.633476	10 1.266104
21.745308	11.528249	15.765307	1	0.921172	0.017781	0.388750	-0.373275	-0.242099	0.895575	0.110041	-0.970089	-0.216377	10 1.266104
16.679553	16.712537	5.714497	1	-0.022203	0.557442	-0.829919	-0.209334	-0.814314	-0.541361	-0.977592	0.161711	0.134771	10 1.266104
7.440093	16.697291	11.744812	1	-0.157453	-0.805146	0.571793	-0.956327	-0.020074	-0.291608	0.246265	-0.592737	-0.766822	10 1.266104
22.136440	1.763219	21.552567	1	0.786024	0.345300	-0.512771	0.617881	-0.465293	0.633819	-0.019731	-0.815028	-0.579086	10 1.266104
6.722237	21.189367	18.147394	1	-0.929341	0.358244	0.089375	0.361657	0.834471	0.415767	0.074365	0.418713	-0.905069	10 1.266104
3.471324	21.067189	20.721695	1	0.856016	-0.249359	0.452832	-0.402445	-0.871251	0.280998	0.324460	-0.422779	-0.846157	10 1.266104
24.002166	16.971843	8.877160	1	0.219456	0.872229	0.437099	-0.043934	0.456401	-0.888689	-0.974632	0.175825	0.138481	10 1.266104
20.034248	25.015248	4.359706	1	0.747764	0.656158	-0.101521	-0.298622	0.195793	-0.934071	-0.593022	0.728780	0.342351	10 1.266104
12.259281	13.521705	3.300611	1	0.902128	-0.227437	-0.366657	0.296278	0.944302	0.143220	0.313661	-0.237836	0.919266	10 1.266104
6.493461	10.536174	9.370068	1	0.285374	0.502110	0.816363	0.882957	0.193550	-0.427697	-0.372758	0.842867	-0.388108	10 1.266104
24.004475	13.832876	16.941491	1	-0.328569	-0.056793	-0.942770	-0.816879	0.518126	0.253482	0.474078	0.853417	-0.216634	10 1.266104
16.839209	10.578449	8.445515	1	0.779430	0.202153	0.592977	-0.622349	0.358464	0.695833	-0.071896	-0.911394	0.405207	10 1.266104
23.018804	0.978127	6.042355	1	0.718468	0.349194	0.601554	-0.689988	0.467053	0.552972	-0.087864	-0.812358	0.576502	10 1.266104
8.678408	21.416923	8.745737	1	0.086677	-0.995268	0.043920	0.922871	0.096821	0.372738	-0.375227	0.008224	0.926896	10 1.266104
14.631732	13.719586	14.622650	1	0.283122	0.453539	-0.845071	0.710369	-0.691160	-0.132944	-0.644375	-0.562673	-0.517863	10 1.266104
2.151804	4.782618	1.896650	1	-0.757113	0.230249	-0.611362	-0.012303	-0.940690	-0.339044	-0.653167	-0.249173	0.715042	10 1.266104
1.620893	6.924730	3.242123	1	-0.613552	-0.670376	0.417312	-0.011091	0.535739	0.844311	-0.789577	0.513401	-0.336138	10 1.266104
21.706990	12.649288	24.952480	1	-0.925755	0.245808	0.287324	0.040085	-0.691792	0.720983	0.375992	0.678972	0.630578	10 1.266104
21.847767	19.070873	0.122656	1	-0.107922	0.051063	-0.992847	0.399036	0.916927	0.003784	0.910561	-0.395773	-0.119332	10 1.266104
12.851809	19.324810	12.180015	1	0.563775	-0.710861	0.420515	0.772689	0.274115	-0.572549	0.291734	0.647716	0.703814	10 1.266104
16.817281	0.421312	24.300706	1	0.014199	-0.843586	0.536807	-0.946711	0.161423	0.278713	-0.321771	-0.512158	-0.796340	10 1.266104
9.835254	14.037195	22.516747	1	-0.112873	-0.667405	0.736091	-0.294976	-0.684919	-0.666239	0.948814	-0.292330	-0.119560	10 1.266104
3.073012	2.418312	14.681785	1	0.915236	-0.400875	-0.040523	-0.402760	-0.907412	-0.119952	0.011315	0.126105	-0.991953	10 1.266104
22.916482	8.938180	7.213270	1	0.090133	-0.995898	0.007871	-0.885386	-0.083744	-0.457251	0.456035	0.034245	-0.889303	10 1.266104
20.738593	24.848569	0.070536	1	0.691629	0.722077	-0.015944	0.622487	-0.607143	-0.493850	-0.366278	0.331635	-0.869401	10 1.266104
4.478600	22.024021	18.679692	1	-0.438018	-0.129805	0.889545	0.591971	-0.786340	0.176746	0.676543	0.604003	0.421272	10 1.266104
7.919190	2.606350	21.344344	1	0.849575	-0.182866	-0.494754	0.478458	0.662011	0.576905	0.222037	-0.726843	0.649922	10 1.266104
16.128857	9.361745	14.756362	1	-0.619546	-0.702888	0.349442	-0.036196	0.470280	0.881774	-0.784125	0.533653	-0.316803	10 1.266104
22.904536	9.346333	17.779226	1	0.352770	0.312503	-0.881983	0.112036	-0.949908	-0.291758	-0.928978	0.004109	-0.370111	10 1.266104
23.311158	21.189853	18.632231	1	-0.406449	0.813553	-0.415850	-0.882013	-0.230595	0.410948	0.238435	0.533814	0.811290	10 1.266104
19.148934	11.740441	13.216663	1	0.878177	-0.049831	0.475734	0.226268	-0.832977	-0.504929	0.421436	0.551060	-0.720225	10 1.266104
1.937365	13.083244	6.281836	1	0.570944	0.136045	0.809639	-0.670562	0.646258	0.364278	-0.473677	-0.750895	0.460203	10 1.266104
9.290844	6.692174	17.798595	1	0.271400	0.925440	0.264392	-0.088381	0.297504	-0.950621	-0.958401	0.234631	0.162534	10 1.266104
3.013315	23.051000	15.021883	1	0.333820	-0.551019	0.764815	0.671403	0.708491	0.217392	-0.661651	0.440930	0.606464	10 1.266104
3.490572	1.940016	16.306746	1	0.986255	-0.141598	-0.085154	0.045726	0.729133	-0.682843	0.158777	0.669564	0.725586	10 1.266104
24.375885	17.803565	22.560920	1	0.618450	0.782528	0.071900	-0.723721	0.602835	-0.335885	-0.306183	0.155693	0.939155	10 1.266104
12.039618	6.786891	9.464338	1	-0.008677	0.813494	0.581509	-0.045518	-0.581250	0.812451	0.998926	-0.019420	0.042072	10 1.266104
8.414796	2.418435	3.417632	1	-0.813799	-0.368829	-0.449106	0.458393	0.067633	-0.886172	0.357221	-0.927033	0.114028	10 1.266104
7.074679	15.637460	8.210281	1	-0.789686	-0.532897	0.304000	-0.183521	-0.267638	-0.945880	0.585419	-0.802739	0.113553	10 1.266104
24.330076	12.757377	16.379571	1	-0.830046	-0.496683	0.253630	-0.433040	0.287432	-0.854318	0.351424	-0.818956	-0.453665	10 1.266104
11.724384	11.811360	10.110358	1	0.697048	-0.048686	0.715370	0.438299	0.818525	-0.371365	-0.567467	0.572404	0.591890	10 1.266104
14.787250	25.169779	25.016199	1	-0.817597	0.177001	0.547911	-0.575565	-0.224613	-0.786304	-0.016109	-0.958238	0.285518	10 1.266104
25.255576	23.911347	12.738413	1	0.355815	-0.564401	0.744881	-0.911156	-0.032257	0.410799	-0.207828	-0.824871	-0.525734	10 1.266104
15.998890	23.472499	5.340197	1	0.106641	-0.808479	-0.578783	0.046918	0.585545	-0.809281	0.993190	0.059147	0.100376	10 1.266104
4.851475	10.570694	11.388092	1	-0.720599	-0.381297	0.579094	0.491798	-0.869825	0.039244	0.488747	0.313076	0.814315	10 1.266104
21.030812	6.920855	20.744905	1	0.319348	-0.935958	-0.148324	0.857274	0.218631	0.466135	-0.403854	-0.276013	0.872192	10 1.266104
18.106543	13.581443	19.001294	1	-0.270386	-0.193726	-0.943060	-0.322392	0.941211	-0.100913	0.907168	0.276750	-0.316947	10 1.266104
13.074246	15.966808	20.724961	1	0.013616	0.348648	0.937155	0.159274	-0.926031	0.342196	0.987140	0.144606	-0.068139	10 1.266104
16.713372	9.968098	1.781838	1	0.399182	-0.788022	-0.468696	0.387179	-0.318498	0.865247	-0.831112	-0.526860	0.177966	10 1.266104
6.450069	21.326966	3.861263	1	-0.769229	0.474507	-0.427937	0.160541	-0.504722	-0.848223	-0.618478	-0.721178	0.312068	10 1.266104
14.322670	4.531854	23.106175	1	-0.996877	-0.072030	0.032366	-0.058465	0.948725	0.310647	-0.053083	0.307784	-0.949974	10 1.266104
6.810158	24.461776	13.782959	1	-0.575482	-0.336386	-0.745429	0.636792	0.387607	-0.666526	0.513144	-0.858257	-0.008852	10 1.266104
4.390920	21.756400	19.999893	1	0.502376	0.522393	0.689002	-0.713678	0.700393	-0.010662	-0.488142	-0.486369	0.724680	10 1.266104
17.767125	20.226972	13.237926	1	0.635981	0.601632	-0.483287	-0.471423	-0.192932	-0.860546	-0.610973	0.775123	0.160921	10 1.266104
24.507441	21.268905	5.723126	1	0.176375	-0.877803	-0.445369	0.795793	-0.139130	0.589368	-0.579314	-0.458372	0.674011	10 1.266104
9.934350	0.883879	1.457540	1	0.362635	-0.858526	0.362531	-0.714039	-0.505945	-0.483908	0.598868	-0.083381	-0.796495	10 1.266104
6.204373	2.676059	18.606284	1	0.686179	-0.709286	0.161467	0.726929	0.676853	-0.115950	-0.027049	0.196937	0.980043	10 1.266104
16.686175	23.784159	12.146756	1	-0.644265	0.447250	-0.620395	0.732733	0.128522	-0.668271	-0.219150	-0.885127	-0.410517	10 1.266104
13.258021	1.632762	10.447591	1	-0.850414	0.403065	0.338134	0.514127	0.773083	0.371505	-0.111665	0.489777	-0.864668	10 1.266104
15.104920	23.693716	15.274807	1	-0.218318	-0.644269	0.732977	-0.269012	-0.682262	-0.679817	0.938068	-0.345595	-0.024366	10 1.266104
4.657713	18.776068	17.576893	1	-0.084397	0.995342	0.046599	0.993415	0.080414	0.081610	0.077482	0.053179	-0.995575	10 1.266104
8.563037	24.522340	12.999341	1	-0.793918	-0.026594	-0.607443	-0.523065	-0.479482	0.704628	-0.309996	0.877149	0.366759	10 1.266104
15.159427	14.479019	13.959337	1	-0.452295	-0.423537	-0.784887	0.803093	-0.576172	-0.151875	-0.387905	-0.699029	0.600740	10 1.266104
6.666825	14.746341	19.645134	1	-0.168447	0.939080	0.299589	0.985242	0.151029	0.080552	0.030398	0.308737	-0.950662	10 1.266104
9.611940	18.858588	16.339518	1	-0.773822	0.533829	-0.340922	-0.323905	-0.796042	-0.511275	-0.544321	-0.285210	0.788904	10 1.266104
8.563259	12.378335	19.087072	1	-0.251403	0.674134	0.694506	-0.764318	-0.578507	0.284864	0.593814	-0.459207	0.660692	10 1.266104
10.313461	3.903452	23.713292	1	0.450716	-0.043204	0.891622	0.434066	0.883399	-0.176615	-0.780027	0.466626	0.416915	10 1.266104
10.796411	6.056743	6.502713	1	0.026755	-0.972688	0.230569	-0.834385	0.105296	0.541030	-0.550531	-0.206859	-0.808779	10 1.266104
7.362238	13.287768	11.073545	1	-0.512047	-0.779961	0.359817	0.521756	-0.615190	-0.591025	0.682333	-0.114895	0.721956	10 1.266104
10.913512	20.982706	0.544269	1	-0.874422	0.334839	0.351095	0.478499	0.714746	0.510075	-0.080151	0.614020	-0.785210	10 1.266104
21.296840	5.315918	0.692379	1	0.607288	-0.670560	0.426087	0.280185	-0.321088	-0.904654	0.743437	0.668769	-0.007113	10 1.266104
0.744656	20.087615	7.605242	1	0.199007	-0.528479	0.825291	-0.967649	-0.239236	0.080139	0.155087	-0.814540	-0.558992	10 1.266104
18.601640	14.670916	15.853778	1	-0.546196	-0.053798	-0.835928	0.515832	-0.807874	-0.285054	-0.659989	-0.586895	0.469008	10 1.266104
0.465366	25.255467	11.293378	1	-0.295777	0.000861	-0.955256	-0.638673	-0.743812	0.197083	-0.710361	0.668390	0.220553	10 1.266104
5.486080	10.314645	21.918170	1	-0.598032	0.781939	-0.175865	-0.748408	-0.623343	-0.226561	-0.286781	-0.003872	0.957988	10 1.266104
16.356436	1.758909	19.009840	1	-0.542524	-0.630916	-0.554628	0.382436	0.402348	-0.831780	0.747937	-0.663371	0.023000	10 1.266104
16.522298	10.538725	18.659217	1	0.123341	-0.896200	0.426160	-0.431469	-0.435155	-0.790237	0.893656	-0.086406	-0.440355	10 1.266104
17.647240	20.510761	24.795258	1	-0.976018	-0.146224	-0.161272	-0.131577	-0.193943	0.972149	-0.173429	0.970054	0.170053	10 1.266104
3.282040	7.835468	3.557078	1	0.220637	0.465578	-0.857063	0.011257	-0.879875	-0.475073	-0.975291	0.095171	-0.199375	10 1.266104
22.936570	22.731155	21.724390	1	0.642000	-0.573619	0.508722	0.761679	0.553022	-0.337656	-0.087649	0.604258	0.791954	10 1.266104
1.479627	4.313574	22.536971	1	0.669764	-0.158820	-0.725392	0.720221	0.376816	0.582488	0.180828	-0.912571	0.366763	10 1.266104
16.513481	0.980496	15.521750	1	0.110841	0.987789	0.109483	0.869011	-0.042878	-0.492930	-0.482216	0.149780	-0.863153	10 1.266104
12.416913	3.439344	6.670548	1	0.984378	-0.065993	0.163236	-0.087182	0.622783	0.777522	-0.152972	-0.779606	0.607301	10 1.266104
23.070764	6.132909	12.976395	1	0.326796	-0.864478	0.381944	0.048021	0.418800	0.906807	-0.943874	-0.277999	0.178376	10 1.266104
11.197694	12.402745	19.036280	1	-0.912196	-0.344398	0.222015	0.310453	-0.934512	-0.174085	0.267431	-0.089874	0.959377	10 1.266104
7.514196	23.358681	13.276057	1	0.571614	0.653082	-0.496733	-0.623333	-0.048055	-0.780479	-0.533587	0.755761	0.379618	10 1.266104
22.759925	24.743276	2.194005	1	-0.529486	-0.812309	-0.244537	0.715834	-0.273144	-0.642632	0.455221	-0.515312	0.726104	10 1.266104
13.061251	5.293029	11.428223	1	0.541111	0.373715	0.753350	0.343906	0.719158	-0.603772	-0.767416	0.585789	0.260621	10 1.266104
23.547477	3.344294	24.439746	1	0.389417	0.695088	-0.604324	0.317623	0.514528	0.796477	0.864563	-0.502110	-0.020411	10 1.266104
20.129344	16.697166	2.129277	1	0.764141	0.432720	0.478375	0.620360	-0.289773	-0.728825	-0.176757	0.853688	-0.489870	10 1.266104
20.273373	9.976540	19.749715	1	0.138416	-0.311547	0.940096	-0.648533	-0.745916	-0.151708	0.748496	-0.588684	-0.305296	10 1.266104
19.076387	5.282005	7.934531	1	-0.353853	-0.561407	0.748071	-0.413227	-0.623683	-0.663522	0.839066	-0.543912	-0.011297	10 1.266104
8.644485	6.820811	11.569864	1	-0.062313	-0.320270	-0.945274	-0.053851	-0.944656	0.323610	-0.996603	0.071070	0.041617	10 1.266104
19.059796	7.338818	4.119453	1	0.700726	0.176783	0.691181	0.573270	-0.716211	-0.398001	0.424671	0.675123	-0.603211	10 1.266104
18.892586	14.376193	9.176576	1	-0.157119	0.764982	0.624592	-0.379625	-0.630638	0.676891	0.911701	-0.130758	0.389491	10 1.266104
14.065271	4.388571	21.789327	1	0.612945	0.566232	0.551071	0.286434	0.490766	-0.822863	-0.736378	0.662217	0.138625	10 1.266104
19.497298	22.909536	2.938562	1	0.119395	-0.817255	-0.563772	0.470049	-0.453635	0.757145	-0.874527	-0.355400	0.329988	10 1.266104
15.781017	25.180908	15.283287	1	-0.328817	0.730865	-0.598093	-0.178593	-0.670004	-0.720555	-0.927353	-0.130116	0.350836	10 1.266104
17.040979	18.046619	17.754102	1	0.502216	-0.478551	-0.720256	0.864323	0.251836	0.435345	-0.026948	-0.841170	0.540098	10 1.266104
15.335367	20.105065	15.036240	1	-0.805021	-0.366321	-0.466637	-0.228265	-0.534759	0.813590	-0.547573	0.761473	0.346874	10 1.266104
6.064542	9.696426	1.725218	1	0.889697	-0.164485	0.425890	0.368861	0.808678	-0.458237	-0.269035	0.564787	0.780151	10 1.266104
1.076785	18.909735	12.242624	1	-0.773316	-0.421244	0.473852	-0.536534	0.036588	-0.843085	0.337807	-0.906209	-0.254306	10 1.266104
9.955887	18.630748	0.795319	1	-0.621746	0.637528	-0.454961	-0.221816	0.413773	0.882944	0.751152	0.649885	-0.115848	10 1.266104
20.294695	3.385521	10.911422	1	-0.545507	0.252872	0.799047	-0.834482	-0.252446	-0.489807	0.077858	-0.933984	0.348728	10 1.266104
21.766212	7.061565	15.842339	1	0.221926	-0.691170	-0.687774	-0.758945	-0.565288	0.323189	-0.612169	0.450258	-0.650013	10 1.266104
24.342068	5.617027	16.493816	1	-0.358489	-0.932853	-0.035627	-0.835941	0.303790	0.457072	-0.415558	0.193637	-0.888716	10 1.266104
4.988684	18.253139	0.936313	1	0.593226	-0.789634	0.156722	-0.631190	-0.335387	0.699367	-0.499682	-0.513804	-0.697369	10 1.266104
15.773394	16.770704	20.612644	1	0.917621	0.384845	-0.099331	0.388895	-0.817765	0.424290	0.082056	-0.427966	-0.900062	10 1.266104
10.507178	5.823277	8.285497	1	0.919529	0.281645	0.274122	-0.295716	0.036383	0.954583	0.258880	-0.958829	0.116742	10 1.266104
15.311519	8.688854	15.641666	1	0.846966	-0.474206	0.240367	-0.087492	-0.570278	-0.816778	0.524397	0.670754	-0.524496	10 1.266104
13.376339	12.755976	13.857215	1	0.221189	0.482299	0.847622	0.899699	-0.436303	0.013479	0.376321	0.759623	-0.530430	10 1.266104
23.849080	4.359934	16.045173	1	-0.091665	0.506713	0.857228	0.987058	-0.067514	0.145457	0.131581	0.859468	-0.493966	10 1.266104
24.635691	23.279356	8.485107	1	0.186916	-0.587932	-0.787019	-0.729425	-0.619690	0.289694	-0.658029	0.519923	-0.544682	10 1.266104
11.468467	19.275329	12.777112	1	0.860901	-0.479250	-0.170786	-0.384134	-0.392175	-0.835846	0.333601	0.785186	-0.521721	10 1.266104
1.300603	9.205239	8.661696	1	0.242087	0.326320	0.913734	-0.695590	0.714919	-0.071027	-0.676424	-0.618389	0.400057	10 1.266104
21.875164	7.552015	13.924967	1	-0.995985	0.073336	-0.051334	-0.068619	-0.993728	-0.088298	-0.057488	-0.084422	0.994771	10 1.266104
14.425113	19.351724	7.692381	1	-0.640412	0.765919	-0.056928	0.717255	0.569924	-0.400913	-0.274622	-0.297582	-0.914345	10 1.266104
16.573863	4.306251	12.962389	1	0.762090	0.177093	-0.622781	0.424107	-0.863332	0.273478	-0.489236	-0.472541	-0.733043	10 1.266104
4.809705	1.097073	7.195624	1	-0.831121	0.527962	-0.174625	0.276365	0.119657	-0.953575	-0.482557	-0.840796	-0.245360	10 1.266104
0.954267	6.446776	11.168346	1	0.182718	0.863613	-0.469878	0.208426	0.433036	0.876948	0.960819	-0.258169	-0.100875	10 1.266104
23.678406	24.866010	17.691482	1	0.883626	-0.146354	-0.444731	-0.468180	-0.269200	-0.841628	0.003455	0.951899	-0.306392	10 1.266104
24.436287	23.091704	23.753746	1	-0.067859	0.939843	0.334800	0.618366	0.302966	-0.725146	-0.782956	0.157822	-0.601725	10 1.266104
2.300379	11.195776	21.912572	1	-0.592257	-0.796973	-0.118601	-0.627644	0.364015	0.688155	-0.505268	0.482003	-0.715806	10 1.266104
22.093838	18.252830	21.091969	1	-0.642030	-0.352746	0.680711	0.078077	-0.913336	-0.399653	0.762693	-0.203442	0.613931	10 1.266104
13.147547	13.699324	16.077883	1	0.031621	-0.129774	0.991039	0.974912	0.222581	-0.001960	-0.220333	0.966238	0.133556	10 1.266104
16.501153	4.737972	16.488368	1	-0.562399	-0.092757	0.821647	0.774625	-0.406703	0.484301	0.289244	0.908839	0.300581	10 1.266104
11.841518	16.289005	23.146569	1	-0.166759	0.493607	0.853547	-0.916802	-0.396198	0.050004	0.362856	-0.774195	0.518610	10 1.266104
13.403118	11.420972	1.600535	1	0.079095	-0.015849	-0.996741	0.986844	0.142674	0.076041	0.141004	-0.989643	0.026926	10 1.266104
23.517171	15.340822	24.533677	1	0.487278	-0.347217	0.801250	0.833053	-0.090339	-0.545767	0.261884	0.933424	0.245230	10 1.266104
21.120581	14.683436	10.273314	1	0.677922	0.597468	-0.428315	0.214098	0.396916	0.892535	0.703267	-0.696771	0.141161	10 1.266104
16.993864	13.540764	11.100303	1	0.633925	0.771763	-0.050224	-0.766127	0.635523	0.095700	0.105776	-0.022189	0.994142	10 1.266104
12.383738	21.184848	23.479402	1	-0.795008	-0.374374	0.477290	-0.375128	0.921760	0.098163	-0.476697	-0.101004	-0.873246	10 1.266104
20.070674	22.818724	14.708087	1	0.097779	-0.001488	-0.995207	-0.886442	0.454442	-0.087772	0.452394	0.890775	0.043116	10 1.266104
11.036189	20.142952	22.474596	1	-0.946767	-0.288602	0.142624	0.160001	-0.037421	0.986408	-0.279342	0.956717	0.081605	10 1.266104
16.524402	9.298199	4.071806	1	0.103531	-0.721439	-0.684695	0.456276	0.646136	-0.611817	0.883796	-0.249068	0.396069	10 1.266104
21.150719	4.197244	16.478774	1	0.706917	0.153895	-0.690351	-0.466866	0.834732	-0.291988	0.531323	0.528714	0.661935	10 1.266104
1.098661	10.461348	3.188440	1	-0.549897	-0.788352	0.275889	-0.096082	-0.268413	-0.958500	0.829688	-0.553584	0.071854	10 1.266104
0.742467	6.877937	6.045248	1	-0.959140	-0.079471	0.271543	0.026222	-0.980580	-0.194357	0.281715	-0.179295	0.942598	10 1.266104
5.191455	7.544540	19.819728	1	0.370771	-0.364136	-0.854362	-0.874407	-0.446863	-0.189014	-0.312956	0.817140	-0.484087	10 1.266104
15.191235	6.983677	8.887756	1	0.015897	0.972171	-0.233731	-0.978067	-0.033434	-0.205587	-0.207680	0.231873	0.950318	10 1.266104
14.126762	1.697553	12.265006	1	0.221706	0.959601	-0.173236	0.917980	-0.265314	-0.294824	-0.328876	-0.093663	-0.939717	10 1.266104
17.942848	5.653121	21.764420	1	0.141783	-0.894815	0.423325	-0.649275	0.238743	0.722110	-0.747221	-0.377237	-0.547131	10 1.266104
16.818050	24.756475	5.214478	1	0.348488	-0.350762	0.869208	-0.903390	-0.372916	0.211706	0.249883	-0.859011	-0.446831	10 1.266104
22.270016	11.554646	6.060928	1	0.112820	-0.970724	-0.212054	-0.309895	-0.237148	0.920721	-0.944053	-0.038161	-0.327578	10 1.266104
23.944892	4.488350	19.002383	1	-0.547792	0.836140	0.028173	-0.794384	-0.530410	0.296004	0.262444	0.139769	0.954771	10 1.266104
8.211589	10.492706	21.437583	1	-0.226570	0.840391	0.492351	0.963758	0.120341	0.238092	0.140840	0.528452	-0.837200	10 1.266104
25.267074	0.137613	6.138156	1	0.828737	-0.128401	0.544709	0.362051	-0.619190	-0.696794	0.426748	0.774672	-0.466658	10 1.266104
22.769201	15.270900	7.681120	1	0.265980	0.787590	-0.555838	-0.795966	0.504698	0.334242	0.543776	0.353527	0.761134	10 1.266104
2.272228	12.058144	14.066285	1	-0.003895	0.974020	-0.226429	0.601053	0.183246	0.777918	0.799200	-0.133066	-0.586151	10 1.266104
7.615083	8.664426	22.721881	1	-0.904992	-0.375974	0.199083	-0.174381	0.754667	0.632510	-0.388049	0.537700	-0.748529	10 1.266104
7.797304	24.430475	20.485916	1	0.754875	-0.244354	-0.608650	0.550392	0.740709	0.385250	0.356696	-0.625813	0.693633	10 1.266104
2.735071	5.556968	8.039318	1	0.157097	-0.110455	-0.981387	-0.975303	0.138874	-0.171753	0.155261	0.984131	-0.085910	10 1.266104
15.035127	22.872476	8.683334	1	-0.696004	-0.347391	-0.628409	-0.486997	-0.414738	0.768652	-0.527648	0.841019	0.119481	10 1.266104
8.239151	6.415795	6.519149	1	-0.319827	-0.947037	-0.028831	-0.270316	0.062039	0.960771	-0.908097	0.315074	-0.275841	10 1.266104
23.471447	13.109119	10.595952	1	0.516530	0.635492	0.573888	-0.549040	-0.268505	0.791492	0.657079	-0.723917	0.210219	10 1.266104
10.425912	2.471119	11.093825	1	0.361680	-0.831666	-0.421329	0.137943	0.494686	-0.858055	0.922041	0.252221	0.293640	10 1.266104
12.826093	0.031095	4.809828	1	-0.345885	0.785117	0.513764	-0.936058	-0.251107	-0.246454	-0.064485	-0.566159	0.821770	10 1.266104
24.568092	4.490732	2.238193	1	-0.260035	0.847050	-0.463560	-0.111221	-0.503155	-0.857010	-0.959173	-0.171295	0.225047	10 1.266104
8.330846	25.042888	6.943728	1	-0.137896	-0.196460	-0.970767	-0.822932	-0.522685	0.222676	-0.551152	0.829581	-0.089597	10 1.266104
9.451302	5.703119	4.861606	1	0.277931	0.009885	0.960551	-0.955939	0.101246	0.275554	-0.094528	-0.994812	0.037589	10 1.266104
19.760150	7.175850	5.060372	1	0.548571	0.738475	-0.392076	-0.661412	0.096424	-0.743798	-0.511471	0.667351	0.541332	10 1.266104
4.160010	14.726051	18.657180	1	0.790635	-0.494105	0.361603	0.337005	0.844245	0.416746	-0.511198	-0.207632	0.834006	10 1.266104
7.957824	0.759840	2.907855	1	0.546157	0.127029	-0.827996	0.813318	0.156248	0.560446	0.200564	-0.979515	-0.017979	10 1.266104
23.273302	2.195025	18.184533	1	-0.391986	0.885511	0.249434	0.074992	0.300986	-0.950675	-0.916910	-0.353946	-0.184389	10 1.266104
24.160650	21.794271	14.608399	1	0.362314	0.904781	-0.223832	-0.913376	0.392501	0.108107	0.185668	0.165274	0.968614	10 1.266104
2.756520	19.456960	10.801415	1	-0.548728	-0.032908	-0.835353	0.832215	0.073487	-0.549562	0.079472	-0.996753	-0.012938	10 1.266104
20.174387	6.675638	3.838397	1	0.624742	0.780787	0.008315	-0.780418	0.624722	-0.025878	-0.025400	0.009678	0.999630	10 1.266104
1.664902	15.300968	2.828587	1	-0.111169	-0.962357	0.248011	-0.289421	-0.207389	-0.934465	0.950724	-0.175663	-0.255471	10 1.266104
22.897316	19.594487	3.077048	1	-0.103390	-0.973353	0.204683	-0.732127	-0.064824	-0.678076	0.673276	-0.219960	-0.705915	10 1.266104
16.335098	14.023282	8.889729	1	0.948790	-0.191913	-0.250931	0.064213	0.894898	-0.441625	0.309312	0.402896	0.861394	10 1.266104
23.962865	11.453247	10.377882	1	0.302226	0.808888	0.504341	0.952087	-0.282121	-0.118058	0.046790	0.515857	-0.855396	10 1.266104
20.157874	18.454313	6.646651	1	0.425218	0.761213	-0.489637	-0.257843	-0.416684	-0.871717	-0.867586	0.496920	0.019092	10 1.266104
3.441098	5.247965	4.186514	1	-0.263381	-0.909891	-0.320514	0.003481	-0.333138	0.942871	-0.964686	0.247219	0.090910	10 1.266104
9.699576	24.678634	25.039768	1	0.855211	0.180227	0.485934	0.513942	-0.415954	-0.750231	0.066915	0.891348	-0.448354	10 1.266104
15.285103	9.278860	24.344811	1	-0.223153	-0.942212	0.249881	0.767048	-0.327917	-0.551459	0.601532	0.068611	0.795897	10 1.266104
0.894218	6.317361	4.142298	1	-0.361521	-0.813865	0.454890	0.928692	-0.271077	0.253076	-0.082660	0.513945	0.853831	10 1.266104
14.529285	18.943078	22.707608	1	-0.520439	0.813858	-0.258413	-0.111600	0.235202	0.965519	0.846575	0.531332	-0.031582	10 1.266104
24.568707	5.598222	23.300002	1	0.209384	-0.939125	0.272403	0.816898	0.014886	-0.576590	0.537435	0.343253	0.770286	10 1.266104
4.836175	15.826790	2.894533	1	0.629572	0.712384	0.310076	0.725476	-0.681860	0.093549	0.278071	0.166057	-0.946098	10 1.266104
10.962676	24.209112	16.896233	1	-0.621179	-0.067207	-0.780782	0.261601	-0.956949	-0.125755	-0.738716	-0.282369	0.612017	10 1.266104
14.605428	16.464891	24.519242	1	0.722638	-0.246614	0.645737	0.672993	0.037867	-0.738679	0.157717	0.968374	0.193334	10 1.266104
9.010348	4.546985	21.001973	1	0.026006	0.993672	0.109264	-0.836554	0.081469	-0.541793	-0.547267	-0.077315	0.833380	10 1.266104
11.449284	0.275984	23.331503	1	0.626614	0.561209	-0.540739	-0.320850	0.818094	0.477260	0.710218	-0.125562	0.692694	10 1.266104
13.018782	22.966209	23.401968	1	0.274458	-0.659211	0.700081	0.655014	0.661177	0.365789	-0.704010	0.358170	0.613258	10 1.266104
4.676173	4.019954	13.979627	1	-0.144519	0.748777	-0.646875	-0.886671	0.192196	0.420566	0.439237	0.634345	0.636142	10 1.266104
14.630368	19.168595	2.424196	1	-0.216382	0.096292	0.971549	0.699500	0.709502	0.085472	-0.681085	0.698093	-0.220880	10 1.266104
2.650651	19.421589	14.467417	1	-0.632612	0.559582	-0.535416	0.239174	-0.516382	-0.822280	-0.736612	-0.648243	0.192832	10 1.266104
6.326955	8.418482	1.811294	1	-0.334202	-0.225924	-0.915024	0.036696	-0.973228	0.226892	-0.941787	0.042251	0.333546	10 1.266104
7.124246	12.212108	7.102733	1	-0.926406	0.279706	0.252067	-0.237894	-0.953710	0.183967	0.291855	0.110463	0.950062	10 1.266104
8.808486	3.067805	22.247517	1	0.554577	-0.034499	-0.831417	0.730553	0.498568	0.466609	0.398420	-0.866164	0.301697	10 1.266104
9.736171	14.503589	0.949675	1	-0.114119	-0.986458	0.117804	0.853387	-0.036628	0.519990	-0.508634	0.159873	0.846009	10 1.266104
17.586607	3.396699	2.578234	1	0.214339	0.976206	-0.032864	0.918336	-0.189942	0.347249	0.332744	-0.104609	-0.937197	10 1.266104
9.591748	17.251843	5.323810	1	0.272837	-0.417214	-0.866887	-0.304087	0.817480	-0.489140	0.912738	0.397064	0.096169	10 1.266104
24.665546	8.657624	23.421580	1	0.038509	-0.675814	0.736065	0.178118	-0.720172	-0.670542	0.983256	0.156928	0.092642	10 1.266104
1.784214	12.176839	16.631070	1	-0.162223	-0.849176	-0.502579	0.883262	-0.352034	0.309710	-0.439922	-0.393667	0.807153	10 1.266104
0.227672	16.239318	0.342924	1	-0.117507	0.949971	-0.289394	0.071522	-0.282560	-0.956579	-0.990493	-0.133103	-0.034742	10 1.266104
0.159810	17.198084	23.428213	1	0.560518	0.649050	-0.514349	-0.821459	0.514506	-0.245945	0.105005	0.560373	0.821557	10 1.266104
21.881948	18.834772	17.880630	1	0.841724	0.435923	-0.318546	0.266472	-0.848556	-0.457106	-0.469567	0.299874	-0.830411	10 1.266104
17.528620	2.505358	14.586011	1	0.601193	0.375856	0.705194	-0.510866	0.859366	-0.022504	-0.614479	-0.346731	0.708657	10 1.266104
19.947905	21.249450	5.729721	1	0.370966	0.748582	-0.549553	0.295192	-0.656140	-0.694509	-0.880481	0.095416	-0.464381	10 1.266104
14.544537	8.523653	19.456820	1	-0.905598	-0.286836	-0.312437	-0.415491	0.747933	0.517652	0.085201	0.598599	-0.796505	10 1.266104
21.603628	22.122497	0.709238	1	0.713851	0.289632	-0.637597	0.696108	-0.392919	0.600873	-0.076493	-0.872770	-0.482101	10 1.266104
20.420548	4.269101	22.536322	1	0.778147	0.427262	-0.460363	0.098041	0.641353	0.760956	0.620382	-0.637270	0.457179	10 1.266104
23.176503	9.363315	11.146705	1	-0.944619	0.228478	-0.235569	0.319500	0.476381	-0.819135	-0.074934	-0.849034	-0.522997	10 1.266104
6.385172	1.738871	24.563766	1	0.186645	0.937723	0.292985	0.640213	-0.342301	0.687719	0.745178	0.059214	-0.664231	10 1.266104
0.029683	24.196500	8.317542	1	-0.302122	0.641889	0.704770	0.525721	0.728918	-0.438516	-0.795199	0.238027	-0.557676	10 1.266104
17.915259	10.080977	2.086535	1	0.968377	-0.094326	-0.230974	0.125707	-0.615208	0.778278	-0.215509	-0.782701	-0.583896	10 1.266104
19.519906	20.809512	10.226021	1	0.669493	0.703988	-0.237023	-0.015126	0.331940	0.943180	0.742665	-0.627866	0.232880	10 1.266104
22.893083	1.059033	16.610527	1	0.304304	-0.373240	0.876408	0.030871	-0.915693	-0.400689	0.952074	0.148987	-0.267127	10 1.266104
5.003980	10.101610	4.308379	1	-0.884643	-0.349086	0.309105	-0.191015	0.876077	0.442721	-0.425348	0.332607	-0.841696	10 1.266104
21.663611	13.343326	7.181357	1	0.466281	0.679598	0.566328	0.527391	0.300425	-0.794735	-0.710240	0.669247	-0.218331	10 1.266104
22.807546	2.699244	2.313219	1	-0.348315	-0.640674	0.684260	0.396578	0.560707	0.726866	-0.849354	0.524541	0.058775	10 1.266104
25.319334	4.864628	15.689768	1	0.463993	0.871401	0.159287	-0.709878	0.258204	0.655288	0.529890	-0.417124	0.738394	10 1.266104
5.587493	5.954630	14.841748	1	-0.072887	0.641730	-0.763460	0.995587	0.092183	-0.017563	0.059107	-0.761370	-0.645617	10 1.266104
2.316960	19.381659	6.008178	1	-0.015879	-0.886491	0.462475	-0.728170	-0.306721	-0.612937	0.685213	-0.346492	-0.640645	10 1.266104
23.738643	13.027937	3.629038	1	-0.415929	-0.749375	-0.515210	-0.168956	0.620354	-0.765908	0.893564	-0.231515	-0.384635	10 1.266104
14.009965	12.929524	6.807602	1	0.552716	-0.561152	-0.616127	0.675160	-0.131881	0.725786	-0.488533	-0.817138	0.305975	10 1.266104
12.709538	3.948226	18.112598	1	0.551058	0.092251	-0.829352	0.827870	-0.185163	0.529477	-0.104721	-0.978368	-0.178408	10 1.266104
12.135554	23.908889	20.566997	1	0.166909	-0.269911	0.948309	-0.924526	0.291384	0.245657	-0.342628	-0.917738	-0.200905	10 1.266104
1.571487	4.347454	14.051451	1	-0.761964	0.318925	-0.563647	0.587991	-0.024099	-0.808509	-0.271436	-0.947473	-0.169163	10 1.266104
22.057838	20.147266	5.030160	1	0.825940	0.563122	-0.026757	0.337179	-0.455395	0.823969	0.451812	-0.689571	-0.566003	10 1.266104
8.197526	13.625867	19.102416	1	-0.857457	0.119851	-0.500402	-0.032512	0.957934	0.285144	0.513527	0.260768	-0.817491	10 1.266104
6.035067	14.118087	9.089371	1	0.961495	0.239334	0.135082	-0.274549	0.858419	0.433289	-0.012256	-0.453692	0.891074	10 1.266104
9.850489	12.547919	10.193005	1	0.412505	-0.629375	0.658580	0.496070	-0.451159	-0.741869	0.764038	0.632728	0.126109	10 1.266104
14.670238	14.773781	22.886059	1	-0.070994	0.997477	0.000138	0.920555	0.065573	-0.385069	-0.384106	-0.027210	-0.922887	10 1.266104
0.263863	21.719811	8.916004	1	-0.551654	0.826458	0.112447	0.695128	0.530066	-0.485621	-0.460950	-0.189730	-0.866907	10 1.266104
16.004709	0.175298	11.156601	1	-0.100197	-0.714107	0.692829	0.633302	-0.582836	-0.509148	0.767392	0.387755	0.510643	10 1.266104
4.630980	21.468676	22.437964	1	0.893040	-0.034911	0.448621	0.190388	-0.874035	-0.447009	0.407715	0.484608	-0.773902	10 1.266104
18.531795	9.966596	11.386873	1	-0.605571	-0.688788	0.398566	-0.741737	0.669982	0.030862	-0.288289	-0.276942	-0.916620	10 1.266104
21.745157	19.324627	21.811446	1	-0.427348	0.750406	0.504247	0.897406	0.419765	0.135869	-0.109708	0.510578	-0.852804	10 1.266104
15.637779	5.893152	17.145801	1	-0.222008	0.526464	-0.820700	-0.956564	-0.280701	0.078696	-0.188941	0.802523	0.565914	10 1.266104
6.013163	12.771248	13.312174	1	0.645358	-0.746187	-0.163459	-0.577739	-0.616781	0.534601	-0.499731	-0.250573	-0.829146	10 1.266104
8.025827	15.014046	19.375488	1	0.557139	0.233131	-0.797024	0.405761	-0.913833	0.016338	-0.724537	-0.332503	-0.603727	10 1.266104
15.626466	12.852078	13.148616	1	0.603189	-0.793344	-0.082268	0.324873	0.150176	0.933759	-0.728437	-0.589960	0.348321	10 1.266104
9.847618	12.318240	12.815398	1	0.042941	0.344952	-0.937637	-0.793320	-0.558696	-0.241873	-0.607289	0.754233	0.249667	10 1.266104
10.525285	23.575844	8.507428	1	-0.023029	0.050589	-0.998454	-0.947251	0.318235	0.037972	0.319665	0.946662	0.040593	10 1.266104
2.825749	16.312868	11.158827	1	0.529133	-0.335803	0.779266	0.065871	0.931845	0.356826	-0.845979	-0.137478	0.515189	10 1.266104
24.908839	6.738632	4.971165	1	0.977274	-0.209682	-0.031121	0.195145	0.947256	-0.254215	0.082784	0.242364	0.966647	10 1.266104
24.631238	14.611071	16.534576	1	-0.652490	0.241469	-0.718297	-0.573110	-0.777382	0.259272	-0.495785	0.580835	0.645622	10 1.266104
6.568690	17.744041	12.316961	1	-0.437462	-0.690293	-0.576300	0.182271	0.559506	-0.808536	0.880571	-0.458747	-0.118942	10 1.266104
16.896953	21.969045	17.502362	1	0.797179	-0.467439	-0.382108	0.481420	0.874083	-0.064910	0.364336	-0.132210	0.921835	10 1.266104
18.743359	13.372451	4.737393	1	0.438982	0.850363	0.290132	-0.898418	0.411165	0.154239	0.011867	-0.328368	0.944476	10 1.266104
12.934815	12.366158	15.572251	1	-0.836045	-0.123525	-0.534573	0.190864	0.847992	-0.494449	0.514391	-0.515413	-0.685384	10 1.266104
1.245504	22.066893	18.116342	1	0.381663	0.246669	0.890779	0.908543	0.077079	-0.410619	-0.169947	0.966029	-0.194691	10 1.266104
15.881748	16.778163	16.191308	1	-0.799888	-0.546299	0.248466	-0.491350	0.833844	0.251555	-0.344606	0.079131	-0.935406	10 1.266104
9.495994	16.885536	18.479525	1	-0.411692	-0.909787	0.052880	-0.908300	0.414357	0.057430	-0.074161	-0.024387	-0.996948	10 1.266104
14.479343	23.925486	8.254407	1	-0.676751	-0.297438	0.673453	0.222131	-0.954618	-0.198399	0.701902	0.015328	0.712109	10 1.266104
19.162108	24.938986	5.566149	1	0.120897	-0.627600	-0.769092	0.122036	-0.759501	0.638957	-0.985135	-0.171105	-0.015232	10 1.266104
22.392231	10.796213	10.420558	1	-0.410708	-0.798993	0.439235	0.399336	0.275445	0.874449	-0.819664	0.534547	0.205940	10 1.266104
6.737085	1.632087	23.243812	1	0.434934	0.782785	0.445061	-0.582992	-0.131892	0.801702	0.686260	-0.608154	0.398993	10 1.266104
8.718365	0.927109	7.475688	1	0.948285	-0.239820	-0.207948	-0.313371	-0.602997	-0.733617	0.050544	0.760843	-0.646965	10 1.266104
24.437306	1.078297	24.301465	1	-0.997806	0.038319	-0.053989	-0.063442	-0.320294	0.945191	0.018927	0.946542	0.322023	10 1.266104
17.237575	21.293013	19.553056	1	0.998965	0.024987	-0.038020	-0.045494	0.540515	-0.840103	-0.000442	0.840964	0.541092	10 1.266104
4.252719	6.596478	14.558188	1	-0.292666	0.462890	-0.836707	0.048932	0.881124	0.470348	0.954962	0.096713	-0.280525	10 1.266104
6.439752	5.500493	9.299885	1	0.167606	-0.493894	-0.853215	-0.960072	0.114863	-0.255086	0.223988	0.861902	-0.454923	10 1.266104
24.011983	4.918105	9.975655	1	-0.234348	-0.284297	0.929654	0.073951	-0.958725	-0.274546	0.969337	0.004410	0.245699	10 1.266104
19.902163	14.945938	19.382924	1	0.478634	-0.877040	0.041352	0.875158	0.472754	-0.102970	0.070760	0.085475	0.993825	10 1.266104
21.213875	8.041461	1.089236	1	-0.766262	-0.617260	0.178422	-0.080042	0.367225	0.926682	-0.637525	0.695799	-0.330797	10 1.266104
13.562947	1.127196	4.419740	1	0.088397	-0.753309	0.651698	0.984847	-0.031904	-0.170464	0.149204	0.656892	0.739074	10 1.266104
13.716995	12.444470	19.206673	1	-0.994562	-0.082580	-0.063466	-0.102291	0.889139	0.446058	0.019594	0.450124	-0.892751	10 1.266104
17.706649	15.539717	14.409583	1	0.373418	-0.252340	0.892683	-0.572041	0.694917	0.435727	-0.730293	-0.673360	0.115145	10 1.266104
18.804924	17.009394	17.659619	1	-0.895657	-0.419842	-0.146734	0.411658	-0.907479	0.083784	-0.168334	0.014637	0.985622	10 1.266104
19.450394	6.241776	6.782314	1	-0.569916	-0.381687	0.727676	-0.798046	0.468073	-0.379512	-0.195751	-0.797009	-0.571366	10 1.266104
20.552390	20.679011	13.841249	1	0.409245	-0.564013	0.717223	0.873607	0.015372	-0.486390	0.263305	0.825623	0.499016	10 1.266104
3.181818	13.274338	24.936278	1	0.172538	0.447709	0.877375	-0.646924	-0.620186	0.443689	0.742779	-0.644147	0.182629	10 1.266104
7.691884	22.818414	10.274791	1	0.341195	-0.490054	-0.802143	0.589027	-0.553567	0.588736	-0.732553	-0.673358	0.099780	10 1.266104
12.348394	25.177261	13.888489	1	-0.835390	0.543436	-0.082468	0.372982	0.450250	-0.811270	-0.403742	-0.708486	-0.578826	10 1.266104
3.158444	11.723572	2.234751	1	0.822764	-0.565922	-0.052828	-0.040406	-0.150947	0.987716	-0.566945	-0.810522	-0.147061	10 1.266104
21.963697	20.816516	21.822270	1	0.409809	-0.063786	0.909938	0.255074	-0.949743	-0.181454	0.875783	0.306463	-0.372943	10 1.266104
7.890335	14.258688	23.586947	1	-0.385807	-0.845895	0.368259	-0.611703	0.533349	0.584259	-0.690632	0.000146	-0.723206	10 1.266104
24.817844	20.193374	7.072223	1	-0.579124	0.383228	0.719548	0.177059	0.920681	-0.347845	-0.795779	-0.074044	-0.601043	10 1.266104
20.464661	1.754534	23.631371	1	-0.985911	0.143470	-0.085996	0.166640	0.797950	-0.579229	-0.014482	-0.585399	-0.810616	10 1.266104
17.382891	8.000316	16.990577	1	-0.135823	-0.983678	0.118023	0.536665	-0.173184	-0.825832	0.832793	-0.048829	0.551427	10 1.266104
20.942277	10.501197	2.870202	1	-0.798854	0.236328	0.553155	0.082203	-0.868071	0.489587	0.595881	0.436580	0.674035	10 1.266104
9.969853	5.041428	7.338139	1	0.882129	-0.166880	0.440454	-0.453774	-0.050459	0.889687	-0.126246	-0.984685	-0.120238	10 1.266104
22.020347	20.747461	16.556160	1	0.724252	-0.154084	-0.672099	0.358618	0.916687	0.176289	0.588942	-0.368705	0.719169	10 1.266104
8.957389	23.377278	18.132382	1	-0.251059	0.106772	-0.962065	-0.526457	0.818982	0.228277	0.812288	0.563797	-0.149402	10 1.266104
0.768947	20.710845	9.905464	1	0.112155	-0.710990	-0.694200	-0.782466	-0.493810	0.379338	-0.612508	0.500644	-0.611710	10 1.266104
21.797421	16.951565	21.075217	1	0.532904	0.319390	-0.783584	-0.732879	0.637097	-0.238738	0.422968	0.701497	0.573586	10 1.266104
14.633356	11.588547	9.297838	1	0.663741	-0.544103	-0.513225	0.668753	0.124393	0.733005	-0.334989	-0.829746	0.446434	10 1.266104
19.727375	1.556300	5.253631	1	0.867748	0.049002	-0.494581	0.160930	0.913812	0.372894	0.470227	-0.403171	0.785073	10 1.266104
15.918308	2.936498	17.660393	1	0.911440	0.405939	0.067008	0.389799	-0.799868	-0.456364	-0.131658	0.442069	-0.887266	10 1.266104
0.680139	4.010329	8.106916	1	-0.681668	0.590631	-0.431838	-0.360780	-0.784810	-0.503896	-0.636527	-0.187692	0.748067	10 1.266104
14.893374	23.128196	16.127445	1	-0.007785	-0.836410	-0.548048	0.887665	-0.258129	0.381338	-0.460423	-0.483515	0.744462	10 1.266104
8.395219	20.346694	1.643164	1	0.652434	0.709982	0.265057	-0.233359	0.520968	-0.821058	-0.721022	0.473833	0.505579	10 1.266104
16.122476	18.752160	7.116981	1	-0.901101	-0.268251	0.340673	-0.090891	0.885067	0.456503	-0.423976	0.380391	-0.821916	10 1.266104
13.527388	12.934470	8.718308	1	0.104329	0.712659	-0.693708	0.994423	-0.063897	0.083911	0.015475	-0.698594	-0.715351	10 1.266104
2.604698	22.254621	3.099019	1	0.107373	0.011852	-0.994148	0.921599	-0.376325	0.095051	-0.372995	-0.926412	-0.051330	10 1.266104
7.804279	3.569782	8.941025	1	-0.870672	-0.119014	-0.477249	-0.196903	-0.804809	0.559921	-0.450732	0.581479	0.677290	10 1.266104
4.384119	13.590794	5.942824	1	0.168579	0.784242	-0.597114	-0.458738	-0.473758	-0.751740	-0.872434	0.400646	0.279896	10 1.266104
23.906096	25.000619	21.237528	1	0.713910	0.200726	0.670851	-0.643944	0.564546	0.516357	-0.275080	-0.800623	0.532291	10 1.266104
9.126971	4.189295	17.572200	1	0.927771	-0.286949	0.238536	-0.163097	-0.886797	-0.432425	0.335617	0.362287	-0.869545	10 1.266104
17.468853	20.366031	23.253774	1	-0.627202	-0.661290	0.411477	0.075578	0.474140	0.877200	-0.775181	0.581280	-0.247402	10 1.266104
11.417697	7.591723	10.114868	1	0.089213	0.658048	-0.747673	0.233159	-0.743606	-0.626648	-0.968338	-0.118421	-0.219769	10 1.266104
