8000
0.0	0.0	0.0
26.130596	0.000000	0.000000	
0.000000	26.130596	0.000000	
0.000000	0.000000	26.130596	
22.831320	11.961411	23.093043	1	0.154490	-0.953212	-0.259842	-0.388862	-0.300435	0.870933	-0.908252	-0.033508	-0.417082	10 1.570796
21.277492	20.541180	13.501650	1	-0.071263	-0.155918	-0.985196	-0.993053	-0.081630	0.084750	-0.093636	0.984393	-0.149016	10 1.570796
24.218086	14.174974	3.303694	1	-0.717597	0.666340	-0.202595	0.381896	0.619735	0.685626	0.582415	0.414633	-0.699195	10 1.570796
3.057068	23.085876	11.744053	1	0.869816	-0.127233	0.476687	-0.493118	-0.192930	0.848300	-0.015964	-0.972927	-0.230555	10 1.570796
8.304254	6.667699	18.484457	1	-0.076241	0.281542	-0.956516	-0.652696	-0.739305	-0.165581	-0.753776	0.611688	0.240126	10 1.570796
19.118652	13.260113	5.561049	1	-0.273535	-0.788822	-0.550398	0.066220	-0.586309	0.807376	-0.959579	0.184401	0.212613	10 1.570796
8.369613	18.803817	14.382507	1	-0.751758	0.339113	0.565564	0.655647	0.476213	0.585958	-0.070622	0.811310	-0.580337	10 1.570796
21.827142	0.922113	19.821574	1	0.374910	0.533719	-0.758015	-0.923830	0.146872	-0.353508	-0.077344	0.832810	0.548129	10 1.570796
6.094059	21.709447	17.578361	1	-0.097279	0.785946	-0.610594	-0.487651	0.497174	0.717645	0.867601	0.367569	0.334903	10 1.570796
13.357257	8.314009	9.949668	1	-0.686131	-0.649424	-0.327829	0.221359	0.242892	-0.944459	0.692983	-0.720590	-0.022900	10 1.570796
21.956694	18.587094	8.846981	1	-0.063700	0.472852	0.878838	0.773863	-0.532644	0.342676	0.630141	0.701928	-0.331992	10 1.570796
9.743849	23.503978	21.604314	1	-0.494056	0.865691	0.080539	-0.766946	-0.477579	0.428617	0.409513	0.149990	0.899891	10 1.570796
18.053689	22.381773	1.674299	1	0.808192	-0.549672	0.211390	0.555385	0.830774	0.036885	-0.195893	0.087593	0.976704	10 1.570796
15.670495	8.100233	14.477969	1	0.026321	0.999084	0.033735	0.743387	-0.042126	0.667532	0.668342	0.007507	-0.743815	10 1.570796
6.626330	21.800476	22.762075	1	-0.145632	-0.961620	0.232550	0.919604	-0.044890	0.390273	-0.364854	0.270688	0.890847	10 1.570796
1.172483	7.761229	0.070278	1	0.624404	0.026117	-0.780664	-0.780577	0.057499	-0.622411	0.028631	0.998004	0.056289	10 1.570796
17.803614	22.601344	16.639680	1	-0.689320	-0.724436	0.005414	-0.126498	0.113001	-0.985509	0.713328	-0.680017	-0.169534	10 1.570796
15.661758	13.383701	15.687328	1	0.339916	0.300256	-0.891236	0.416215	0.801775	0.428862	0.843340	-0.516723	0.147564	10 1.570796
2.758877	18.849164	4.302456	1	0.065305	-0.907138	-0.415738	-0.966694	0.045804	-0.251798	0.247459	0.418336	-0.873933	10 1.570796
17.168903	13.421761	0.243420	1	-0.262444	-0.950127	-0.168464	0.467775	0.027427	-0.883421	0.843985	-0.310651	0.437247	10 1.570796
6.701842	16.229817	10.754822	1	-0.440474	-0.088024	0.893440	0.748803	-0.585016	0.311530	0.495254	0.806231	0.323597	10 1.570796
8.018840	25.936421	1.973760	1	-0.514595	0.811079	-0.278107	0.634780	0.578415	0.512337	0.576406	0.087108	-0.812505	10 1.570796
2.204791	10.780138	0.953248	1	0.351709	-0.423643	0.834763	-0.095589	0.870820	0.482217	-0.931215	-0.249396	0.265781	10 1.570796
19.798482	15.697235	25.488441	1	0.017652	-0.916361	0.399965	-0.014921	0.399740	0.916507	-0.999734	-0.022146	-0.006617	10 1.570796
9.231027	5.461647	6.846349	1	-0.205343	-0.913089	-0.352281	0.315690	-0.402507	0.859260	-0.926376	0.065231	0.370906	10 1.570796
12.295823	19.495120	6.522860	1	0.922479	-0.385159	-0.026212	0.161267	0.322775	0.932635	-0.350752	-0.864563	0.359865	10 1.570796
14.410774	3.402195	23.778755	1	0.932650	-0.222068	0.284341	0.188085	0.971825	0.142056	-0.307876	-0.079009	0.948141	10 1.570796
21.485762	3.438906	23.637090	1	-0.763843	0.042405	0.644008	0.341142	-0.820525	0.458652	0.547875	0.570036	0.612286	10 1.570796
11.558929	18.266678	19.487770	1	-0.701272	0.214601	-0.679826	0.592042	0.706528	-0.387688	0.397118	-0.674361	-0.622522	10 1.570796
24.237957	0.399533	20.864704	1	-0.343099	-0.938775	0.031354	-0.857326	0.299344	-0.418791	0.383765	-0.170568	-0.907541	10 1.570796
8.604189	4.976606	22.869519	1	-0.292059	-0.920215	-0.260587	0.644807	-0.390687	0.656954	-0.706347	0.023839	0.707465	10 1.570796
1.950813	10.487400	2.169533	1	0.657641	-0.728279	-0.192654	0.126755	0.359066	-0.924666	0.742592	0.583677	0.328449	10 1.570796
21.853861	21.350359	20.536815	1	-0.980186	-0.084321	0.179230	-0.116281	0.977487	-0.176054	-0.160352	-0.193406	-0.967925	10 1.570796
11.582381	7.535531	22.111868	1	-0.416183	-0.750189	-0.513817	-0.831477	0.542694	-0.118871	0.368020	0.377756	-0.849624	10 1.570796
23.600021	25.757465	16.739159	1	-0.814033	-0.308401	-0.492176	0.196442	0.651261	-0.732988	0.546589	-0.693361	-0.469564	10 1.570796
3.708916	11.771699	8.742860	1	-0.146579	0.285919	-0.946977	-0.084980	0.950138	0.300025	0.985543	0.124451	-0.114975	10 1.570796
11.862568	22.988649	17.027395	1	0.447842	-0.558835	-0.697954	-0.691106	0.278914	-0.666766	0.567281	0.780968	-0.261306	10 1.570796
25.134846	24.527454	1.471518	1	0.436581	0.773151	0.460036	0.870178	-0.492734	0.002294	0.228447	0.399312	-0.887897	10 1.570796
8.077899	4.068032	8.371624	1	0.920999	0.307366	0.239351	-0.051203	0.704581	-0.707774	-0.386189	0.639602	0.664656	10 1.570796
20.967114	0.073748	24.881547	1	-0.094455	-0.980425	-0.172761	-0.356821	-0.128665	0.925270	-0.929386	0.149040	-0.337683	10 1.570796
15.678212	3.034493	2.493682	1	-0.878772	-0.458020	0.134071	0.095256	0.106939	0.989692	-0.467637	0.882484	-0.050346	10 1.570796
20.617797	0.826636	4.366527	1	-0.434503	0.617085	-0.656058	-0.768099	-0.634270	-0.087881	-0.470348	0.465734	0.749577	10 1.570796
8.124615	20.221558	2.240768	1	0.650158	0.749259	0.126118	-0.379206	0.463822	-0.800671	-0.658406	0.472737	0.585680	10 1.570796
12.157135	17.208404	11.626052	1	0.962491	-0.247164	0.111904	0.254528	0.679724	-0.687888	0.093958	0.690569	0.717139	10 1.570796
18.063648	4.882729	13.149572	1	0.241335	0.410884	0.879166	0.921337	0.187522	-0.340552	-0.304792	0.892192	-0.333308	10 1.570796
8.150616	8.554897	23.189850	1	0.075485	0.996974	-0.018533	-0.962347	0.077705	0.260481	0.261135	-0.001828	0.965301	10 1.570796
24.952904	0.272533	12.419804	1	0.537167	-0.336248	-0.773557	0.083790	-0.891297	0.445611	-0.839304	-0.304183	-0.450602	10 1.570796
6.026116	6.430741	2.582806	1	-0.684997	-0.713196	-0.148765	0.243817	-0.416834	0.875674	-0.686536	0.563561	0.459417	10 1.570796
3.796346	20.469376	20.206015	1	0.844622	-0.499897	-0.191613	0.474274	0.864709	-0.165355	0.248349	0.048785	0.967441	10 1.570796
14.712543	19.955227	21.244835	1	0.136331	-0.936435	-0.323269	-0.763960	0.108369	-0.636100	0.630698	0.333685	-0.700626	10 1.570796
21.236401	13.405560	18.762596	1	-0.252456	0.778836	-0.574177	0.691546	-0.269815	-0.670048	-0.676779	-0.566228	-0.470485	10 1.570796
15.283190	3.327921	20.483429	1	0.941756	0.258638	-0.214946	0.076722	0.457062	0.886119	0.327427	-0.851001	0.410598	10 1.570796
2.426070	19.880831	19.471389	1	-0.875176	-0.049490	0.481268	-0.344821	-0.633951	-0.692245	0.339358	-0.771787	0.537753	10 1.570796
2.549549	16.413479	3.447960	1	-0.639092	0.582803	0.501899	0.764672	0.551618	0.333159	-0.082692	0.596706	-0.798189	10 1.570796
9.019337	15.079685	18.797184	1	-0.898454	-0.373969	0.230063	0.029816	0.470806	0.881734	-0.438055	0.799056	-0.411846	10 1.570796
18.473561	10.629610	2.407970	1	-0.353440	0.178323	-0.918304	0.802140	-0.447302	-0.395591	-0.481301	-0.876426	0.015055	10 1.570796
0.413666	14.688732	2.682690	1	0.207883	0.908264	0.363100	0.969574	-0.142277	-0.199213	-0.129278	0.393464	-0.910206	10 1.570796
5.401586	10.010271	24.534665	1	0.948750	0.192896	-0.250331	-0.304150	0.342191	-0.889043	-0.085832	0.919617	0.383321	10 1.570796
20.442387	20.445957	1.093268	1	0.998930	-0.019183	0.042055	-0.016935	-0.998442	-0.053159	0.043010	0.052390	-0.997700	10 1.570796
20.601852	4.176394	12.861252	1	0.971539	0.038298	-0.233768	0.196290	-0.682575	0.703962	-0.132605	-0.729811	-0.670666	10 1.570796
25.335829	6.380608	3.267432	1	-0.847059	0.435023	0.305358	-0.448473	-0.276679	-0.849895	-0.285237	-0.856856	0.429461	10 1.570796
13.281790	3.713433	12.512574	1	-0.217729	-0.003256	-0.976004	-0.835151	0.518126	0.184579	0.505091	0.855299	-0.115528	10 1.570796
8.573383	7.883582	4.056022	1	-0.039907	-0.958488	-0.282324	-0.969256	-0.031523	0.244033	-0.242804	0.283382	-0.927761	10 1.570796
24.059376	3.084187	12.704357	1	0.476249	0.163015	-0.864067	0.698628	-0.666864	0.259251	-0.533954	-0.727130	-0.431479	10 1.570796
2.223329	8.849232	10.547186	1	0.972431	0.094092	-0.213368	0.048300	0.813875	0.579028	0.228136	-0.573367	0.786892	10 1.570796
23.238338	16.172578	17.387538	1	-0.207892	0.905780	0.369247	-0.620618	-0.413922	0.665958	0.756051	-0.090715	0.648197	10 1.570796
0.368964	17.665325	21.805291	1	-0.514561	0.678086	-0.524810	-0.703617	0.015890	0.710405	0.490055	0.734809	0.468935	10 1.570796
20.133774	8.551502	5.093885	1	0.644957	-0.284524	0.709279	0.755120	0.094457	-0.648747	0.117588	0.954005	0.275770	10 1.570796
4.538729	2.205579	18.336213	1	-0.428592	-0.436554	0.791031	-0.804742	-0.213558	-0.553880	0.410729	-0.873964	-0.259784	10 1.570796
9.164196	16.164532	0.504898	1	-0.593405	-0.701378	0.394892	-0.050102	-0.457469	-0.887813	0.803345	-0.546617	0.236326	10 1.570796
6.455009	19.653690	0.739138	1	0.571410	-0.362372	-0.736327	0.496359	0.867123	-0.041554	0.653544	-0.341739	0.675349	10 1.570796
5.988552	3.867622	13.279188	1	-0.844062	0.221638	-0.488298	0.372409	0.897459	-0.236381	0.385836	-0.381367	-0.840053	10 1.570796
3.036423	18.917287	24.041786	1	-0.930607	0.122028	-0.345078	0.278340	-0.376304	-0.883697	-0.237689	-0.918423	0.316227	10 1.570796
10.223351	23.334202	11.759892	1	-0.352222	0.929013	0.113463	-0.673258	-0.167292	-0.720234	-0.650126	-0.330073	0.684389	10 1.570796
3.354807	7.664965	11.627163	1	-0.774273	0.435351	0.459314	0.615865	0.351312	0.705187	0.145641	0.828882	-0.540132	10 1.570796
11.532268	5.661771	13.823012	1	0.880402	-0.474011	-0.014445	-0.395617	-0.717322	-0.573530	0.261497	0.510651	-0.819057	10 1.570796
13.215952	6.589538	2.936988	1	0.918143	-0.393931	-0.042798	-0.148580	-0.442384	0.884433	-0.367340	-0.805675	-0.464702	10 1.570796
24.158928	14.539811	23.056826	1	-0.318191	-0.007154	-0.947999	-0.900782	-0.309456	0.304679	-0.295544	0.950886	0.092022	10 1.570796
4.659967	12.202656	6.474651	1	-0.920193	0.314155	0.233565	-0.191234	-0.881348	0.432035	0.341579	0.352890	0.871087	10 1.570796
12.823174	11.986415	13.079493	1	0.055768	-0.608841	-0.791330	0.094223	-0.785818	0.611239	-0.993987	-0.108651	0.013545	10 1.570796
3.971128	22.716847	9.110029	1	0.302310	-0.916920	0.260516	-0.117948	-0.307188	-0.944310	0.945884	0.254747	-0.201015	10 1.570796
10.586160	7.584658	2.584492	1	-0.925928	-0.041315	-0.375433	0.348420	0.290291	-0.891254	0.145807	-0.956047	-0.254395	10 1.570796
6.405437	6.105122	3.677101	1	-0.798339	0.388520	0.460116	-0.220273	0.522706	-0.823564	-0.560475	-0.758835	-0.331715	10 1.570796
20.022296	25.121454	12.579079	1	0.675896	0.304938	-0.670952	0.697556	-0.558520	0.448855	-0.237867	-0.771406	-0.590213	10 1.570796
6.783987	16.754615	7.576847	1	-0.136547	0.990180	-0.029957	-0.043738	0.024184	0.998750	0.989668	0.137687	0.040006	10 1.570796
10.612935	9.598926	13.186317	1	0.672358	-0.291046	-0.680606	0.238663	-0.785122	0.571510	-0.700697	-0.546695	-0.458420	10 1.570796
0.574178	16.220701	24.963224	1	-0.882446	0.125398	-0.453392	-0.398831	0.311643	0.862446	0.249447	0.941889	-0.224995	10 1.570796
8.960350	6.945401	19.966815	1	-0.920672	0.322688	-0.219619	-0.295450	-0.943797	-0.148172	-0.255089	-0.071531	0.964268	10 1.570796
2.824266	19.016838	18.377064	1	0.540542	0.463286	-0.702270	-0.706747	0.702895	-0.080292	0.456423	0.539728	0.707370	10 1.570796
22.510562	13.468512	7.472554	1	0.579970	-0.805514	-0.121581	0.014219	0.159232	-0.987139	0.814514	0.570782	0.103803	10 1.570796
12.793400	17.825623	12.446983	1	-0.360624	-0.517645	-0.775882	-0.789538	0.612293	-0.041534	0.496569	0.597611	-0.629509	10 1.570796
10.003763	10.473761	15.628400	1	0.864642	0.175366	-0.470785	-0.387289	0.829563	-0.402282	0.320001	0.530161	0.785193	10 1.570796
20.891260	16.931774	13.362704	1	-0.212064	-0.774904	-0.595442	0.886255	0.104257	-0.451314	0.411803	-0.623420	0.664654	10 1.570796
24.891313	2.072207	7.509733	1	-0.729459	-0.239234	-0.640825	0.667686	-0.452563	-0.591085	-0.148607	-0.859043	0.489860	10 1.570796
8.704620	14.125458	1.977760	1	-0.574081	-0.810920	-0.113313	0.787605	-0.584730	0.194350	-0.223858	0.022327	0.974366	10 1.570796
5.982197	8.260459	0.354884	1	0.179124	-0.629482	-0.756088	0.939839	0.336713	-0.057676	0.290892	-0.700272	0.651923	10 1.570796
12.036179	25.127258	4.057608	1	0.615037	0.639874	-0.460751	0.474465	0.166382	0.864407	0.629772	-0.750253	-0.201267	10 1.570796
20.382751	18.332886	4.079762	1	-0.454357	-0.207039	0.866426	0.358694	-0.932806	-0.034801	0.815412	0.294970	0.498091	10 1.570796
3.338374	7.917548	9.716760	1	0.950458	0.146583	-0.274126	-0.166537	-0.504506	-0.847196	-0.262482	0.850876	-0.455098	10 1.570796
25.720456	5.702682	15.119873	1	0.845913	0.432644	0.311849	0.531317	-0.734273	-0.422545	0.046170	0.523128	-0.851004	10 1.570796
21.552511	9.521587	6.238744	1	0.410854	0.842053	0.349492	-0.601040	0.538408	-0.590649	-0.685529	0.032612	0.727315	10 1.570796
6.535652	18.490256	10.571812	1	0.118877	0.642321	-0.757159	0.543095	0.596319	0.591146	0.831214	-0.481484	-0.277954	10 1.570796
6.827854	23.358200	18.042881	1	0.879061	-0.283169	0.383495	-0.235179	0.442146	0.865563	-0.414661	-0.851072	0.322077	10 1.570796
3.106567	20.657287	7.236155	1	0.096745	0.141490	-0.985201	-0.258364	0.959485	0.112427	0.961192	0.243662	0.129380	10 1.570796
21.786940	2.292339	23.917854	1	0.519193	-0.123438	-0.845695	0.852316	0.147936	0.501668	0.063184	-0.981263	0.182016	10 1.570796
1.478688	16.769692	22.225670	1	-0.590384	-0.306426	-0.746691	0.757358	0.109500	-0.643754	0.279026	-0.945578	0.167425	10 1.570796
2.099953	25.285959	13.619173	1	0.808508	0.068144	0.584527	-0.067212	-0.976081	0.206760	0.584635	-0.206454	-0.784588	10 1.570796
2.777634	2.398598	6.418549	1	-0.931602	0.342028	-0.123017	0.324859	0.935298	0.140293	0.163042	0.090734	-0.982438	10 1.570796
25.006308	18.032006	19.232792	1	-0.535721	-0.838326	0.101066	-0.765386	0.431550	-0.477440	0.356635	-0.333127	-0.872834	10 1.570796
14.867706	2.379752	0.277531	1	-0.677149	-0.734572	0.043292	0.726768	-0.658421	0.195680	-0.115236	0.163969	0.979712	10 1.570796
25.745719	20.859200	8.273550	1	0.766681	-0.634759	-0.096334	0.498015	0.682671	-0.534735	0.405192	0.361996	0.839512	10 1.570796
7.808792	25.853924	21.340664	1	-0.271194	-0.393814	0.878273	0.252336	0.851467	0.459710	-0.928861	0.346290	-0.131539	10 1.570796
6.992191	10.344421	7.305931	1	0.953741	-0.285104	0.095347	-0.276417	-0.956358	-0.094718	0.118190	0.063982	-0.990927	10 1.570796
24.881100	22.814678	5.519716	1	-0.298875	-0.950833	-0.081171	0.921071	-0.265176	-0.285148	0.249604	-0.159987	0.955040	10 1.570796
10.057251	10.355770	8.019234	1	0.294946	-0.945524	-0.137810	-0.862428	-0.201337	-0.464418	0.411370	0.255830	-0.874829	10 1.570796
11.507724	14.517383	5.567409	1	-0.898588	0.182958	-0.398829	0.429004	0.175397	-0.886110	-0.092168	-0.967348	-0.236100	10 1.570796
10.946856	15.342351	3.895599	1	0.709436	-0.651925	0.267759	-0.510979	-0.737454	-0.441657	0.485388	0.176507	-0.856296	10 1.570796
0.882346	7.027826	10.622786	1	0.344846	0.493764	0.798297	0.935251	-0.253141	-0.247435	0.079908	0.831935	-0.549088	10 1.570796
4.050655	23.725403	21.926727	1	-0.101446	-0.867548	-0.486900	0.867675	-0.316580	0.383293	-0.486666	-0.383588	0.784867	10 1.570796
9.859563	20.964390	24.766248	1	0.692353	0.230540	-0.683739	-0.409623	-0.654514	-0.635469	-0.594018	0.720044	-0.358719	10 1.570796
12.138697	12.845072	21.400843	1	0.391028	-0.512001	0.764822	0.391532	0.844582	0.365217	-0.832945	0.156642	0.530720	10 1.570796
2.692028	22.941497	3.372939	1	0.842700	0.233556	0.485086	0.423714	-0.843569	-0.329931	0.332145	0.483570	-0.809836	10 1.570796
4.183424	12.491035	21.841679	1	0.272050	-0.691286	0.669411	0.941142	0.046120	-0.334854	0.200607	0.721108	0.663145	10 1.570796
5.388198	25.173815	13.752680	1	-0.636335	0.228241	0.736875	0.059708	-0.937789	0.342033	0.769097	0.261645	0.583120	10 1.570796
16.637701	17.991242	2.096833	1	0.626810	0.767675	0.133358	-0.759700	0.640151	-0.114296	-0.173111	-0.029670	0.984454	10 1.570796
3.632300	4.538271	1.695774	1	-0.823255	0.219232	0.523631	-0.182005	0.771790	-0.609276	-0.537704	-0.596893	-0.595477	10 1.570796
6.701352	12.510167	1.170490	1	-0.080999	0.992045	0.096356	-0.993355	-0.088280	0.073840	0.081761	-0.089735	0.992604	10 1.570796
17.989690	18.015649	4.912000	1	0.977973	0.141412	0.153529	0.171838	-0.127916	-0.976786	-0.118489	0.981652	-0.149399	10 1.570796
6.575639	6.988547	18.785278	1	-0.663878	0.691551	0.284646	-0.740332	-0.661547	-0.119441	0.105707	-0.290026	0.951164	10 1.570796
10.471712	22.462103	22.394766	1	-0.439714	-0.404214	-0.802035	0.247037	-0.912988	0.324695	-0.863496	-0.055360	0.501309	10 1.570796
3.653828	7.799114	14.228951	1	-0.367584	-0.807882	0.460664	0.564279	-0.587490	-0.580037	0.739236	0.046732	0.671823	10 1.570796
18.276150	17.596706	24.032154	1	-0.543986	-0.638424	0.544513	-0.253994	0.743768	0.618300	-0.799730	0.198044	-0.566755	10 1.570796
24.210293	0.397595	7.352259	1	-0.996640	-0.069026	-0.044078	0.081874	-0.853047	-0.515373	-0.002024	-0.517249	0.855833	10 1.570796
25.558666	6.289982	13.859222	1	-0.662991	-0.723652	-0.191753	-0.175136	0.398958	-0.900088	0.727853	-0.563167	-0.391242	10 1.570796
16.895832	23.915581	22.218906	1	-0.555367	0.717388	0.420624	0.826841	0.530407	0.187086	-0.088887	0.451688	-0.887737	10 1.570796
21.020023	7.450132	0.550397	1	-0.820741	-0.247852	0.514735	-0.473893	0.798570	-0.371098	-0.319075	-0.548504	-0.772875	10 1.570796
9.056395	18.291522	0.724304	1	0.530366	0.635870	0.560694	-0.722807	-0.006446	0.691019	0.443014	-0.771767	0.456193	10 1.570796
23.787712	20.407821	22.466501	1	0.085740	-0.816183	0.571398	-0.908839	0.170924	0.380522	-0.408240	-0.551935	-0.727121	10 1.570796
20.959373	20.319786	20.872391	1	0.543867	-0.283234	0.789929	0.838729	0.214023	-0.500726	-0.027241	0.934865	0.353957	10 1.570796
10.206301	6.549662	19.048145	1	-0.993354	0.013399	0.114304	0.090663	0.702863	0.705525	-0.070889	0.711200	-0.699405	10 1.570796
16.223955	16.439951	17.821804	1	0.591408	-0.766821	0.249445	-0.104854	-0.379843	-0.919089	0.799526	0.517402	-0.305048	10 1.570796
24.981969	8.922417	7.832819	1	-0.613975	-0.054891	-0.787414	0.785463	-0.141045	-0.602623	-0.077981	-0.988480	0.129714	10 1.570796
18.977415	20.271045	24.607392	1	0.594784	-0.799899	0.079966	0.741544	0.507527	-0.438781	0.310396	0.320278	0.895030	10 1.570796
18.507954	6.189602	1.242817	1	-0.211784	-0.634224	-0.743576	0.960154	0.006931	-0.279383	0.182345	-0.773118	0.607485	10 1.570796
24.397269	9.267866	9.724253	1	-0.978518	-0.047106	-0.200698	-0.015450	-0.954051	0.299244	-0.205573	0.295916	0.932831	10 1.570796
2.578754	9.383286	12.889955	1	0.274996	-0.439972	-0.854871	-0.456555	0.722747	-0.518841	0.846129	0.532973	-0.002119	10 1.570796
24.178902	0.205227	11.143702	1	-0.717203	0.093954	0.690501	-0.678445	-0.320439	-0.661084	0.159151	-0.942599	0.293562	10 1.570796
8.904320	5.579341	3.286028	1	0.941433	0.322743	-0.097678	0.197150	-0.291819	0.935935	0.273563	-0.900375	-0.338356	10 1.570796
18.347134	21.410164	20.041752	1	-0.685383	-0.728061	-0.013287	-0.209434	0.214568	-0.953990	0.697414	-0.651068	-0.299541	10 1.570796
3.975532	10.365335	7.672228	1	0.118784	0.030960	-0.992438	-0.346568	0.937946	-0.012220	0.930475	0.345398	0.122142	10 1.570796
23.204510	1.958527	24.740833	1	-0.071111	-0.552854	0.830238	-0.159690	0.827917	0.537634	-0.984604	-0.094350	-0.147159	10 1.570796
19.327217	15.349659	7.353523	1	-0.580766	-0.602898	0.547011	0.769814	-0.625265	0.128175	0.264750	0.495536	0.827255	10 1.570796
2.986092	3.646685	20.301273	1	-0.261627	-0.960388	-0.095960	-0.921799	0.278103	-0.270085	0.286072	0.017794	-0.958044	10 1.570796
9.638900	7.334009	11.817983	1	-0.686345	-0.475173	0.550581	0.223700	0.582414	0.781508	-0.692017	0.659550	-0.293439	10 1.570796
18.468072	8.365020	15.183007	1	-0.568641	-0.463129	0.679823	-0.822337	0.299745	-0.483647	0.020217	-0.834066	-0.551296	10 1.570796
14.617328	9.769807	24.641992	1	-0.982038	-0.005062	0.188609	-0.186429	-0.127826	-0.974116	0.029042	-0.991783	0.124587	10 1.570796
0.644128	9.287484	17.584426	1	0.162087	-0.985302	-0.053939	-0.952224	-0.141839	-0.270469	0.258842	0.095201	-0.961217	10 1.570796
5.110739	12.387845	16.805256	1	0.123611	-0.751574	-0.647964	0.121005	-0.636683	0.761573	-0.984926	-0.172544	0.012245	10 1.570796
13.352276	17.437881	25.058571	1	0.501158	-0.468153	0.727786	-0.806554	-0.557429	0.196827	0.313545	-0.685641	-0.656950	10 1.570796
0.721317	17.714962	6.168877	1	-0.353986	-0.690511	0.630783	0.463868	-0.715278	-0.522690	0.812109	0.107574	0.573505	10 1.570796
7.819266	12.187104	16.586176	1	0.172971	0.712780	-0.679727	-0.567394	-0.491997	-0.660307	-0.805077	0.499887	0.319325	10 1.570796
23.230545	24.606888	20.627979	1	0.332451	0.808678	0.485300	0.228533	-0.568306	0.790443	0.915013	-0.151876	-0.373744	10 1.570796
18.602737	15.062431	18.928730	1	0.715587	0.064213	0.695564	-0.466698	-0.696954	0.544472	0.519738	-0.714237	-0.468762	10 1.570796
10.499834	8.226021	22.192842	1	0.721531	0.561716	-0.404809	0.619237	-0.785072	0.014352	-0.309743	-0.261031	-0.914288	10 1.570796
13.268791	16.065889	23.234393	1	0.600326	0.245399	0.761177	0.300106	-0.951332	0.070016	0.741314	0.186400	-0.644755	10 1.570796
4.092562	12.115673	19.440292	1	0.146474	-0.246732	0.957951	-0.881369	0.407146	0.239630	-0.449149	-0.879407	-0.157825	10 1.570796
23.218842	15.045761	4.100227	1	0.906587	-0.204029	-0.369423	0.298408	0.928908	0.219281	0.298420	-0.309036	0.903018	10 1.570796
16.075397	25.667789	14.854214	1	-0.652114	0.655689	-0.380554	0.719029	0.694029	-0.036319	0.240301	-0.297316	-0.924046	10 1.570796
14.602081	3.131708	7.214306	1	0.210851	-0.706930	0.675126	0.186542	0.707058	0.682106	-0.959554	-0.017883	0.280958	10 1.570796
6.172461	5.241874	18.335259	1	0.777442	-0.411167	-0.475946	0.553689	0.088462	0.828011	-0.298349	-0.907257	0.296433	10 1.570796
19.041710	19.220802	18.685780	1	0.203487	-0.778735	-0.593432	0.495701	-0.440746	0.748347	-0.844319	-0.446445	0.296333	10 1.570796
15.590878	15.720947	14.116470	1	0.276181	-0.948466	0.155359	-0.315970	0.063058	0.946672	-0.907682	-0.310541	-0.282273	10 1.570796
1.545445	13.765955	21.881200	1	0.481736	0.803000	0.350885	-0.272921	0.517977	-0.810689	-0.832734	0.294775	0.468682	10 1.570796
20.684868	18.267151	15.771664	1	-0.481048	0.853744	-0.199275	-0.337541	0.029417	0.940851	0.809109	0.519858	0.274022	10 1.570796
4.799672	1.776158	10.050291	1	0.218030	-0.970832	0.099739	0.914985	0.167790	-0.366944	0.339507	0.171264	0.924881	10 1.570796
7.520449	10.687739	20.270438	1	-0.080770	0.990400	-0.112164	0.941367	0.038815	-0.335143	-0.327573	-0.132657	-0.935467	10 1.570796
14.400291	0.702375	19.085622	1	0.926519	0.182378	0.329093	-0.375541	0.501964	0.779103	-0.023101	-0.845439	0.533571	10 1.570796
16.993838	21.724945	8.043058	1	-0.482632	-0.320397	0.815115	-0.853977	0.378729	-0.356777	-0.194397	-0.868282	-0.456397	10 1.570796
0.601220	23.949772	24.338055	1	-0.287012	-0.119665	0.950423	-0.002946	0.992272	0.124044	-0.957921	0.032804	-0.285147	10 1.570796
2.605644	5.201274	4.032726	1	-0.760764	-0.646765	0.054176	-0.517218	0.654569	0.551383	-0.392076	0.391451	-0.832492	10 1.570796
1.519082	22.860251	23.705507	1	0.576989	-0.699946	-0.420903	0.813723	0.536980	0.222498	0.070279	-0.470876	0.879395	10 1.570796
18.016911	12.853535	10.793880	1	-0.090355	-0.773500	-0.627323	-0.220373	-0.598757	0.770017	-0.971221	0.207820	-0.116360	10 1.570796
21.955404	20.177582	10.865284	1	0.837688	-0.521335	-0.162752	0.537739	0.839408	0.078927	0.095470	-0.153633	0.983506	10 1.570796
7.694710	5.230526	8.750447	1	-0.784078	-0.442547	0.435171	-0.470445	-0.033587	-0.881790	0.404850	-0.896117	-0.181859	10 1.570796
13.755169	13.035545	7.684719	1	-0.144807	0.847468	-0.510714	0.680685	0.459932	0.570199	0.718120	-0.265068	-0.643461	10 1.570796
9.954464	10.835594	23.405239	1	0.041525	0.163271	0.985708	-0.175850	0.972352	-0.153650	-0.983539	-0.166957	0.069088	10 1.570796
12.589558	5.611143	25.366419	1	0.521091	-0.125445	-0.844230	0.786354	0.455130	0.417737	0.331834	-0.881544	0.335810	10 1.570796
10.891116	1.587500	13.950300	1	-0.127290	0.545553	0.828352	-0.916378	0.254880	-0.308683	-0.379534	-0.798377	0.467492	10 1.570796
5.142338	0.158323	7.762600	1	0.901324	0.067246	0.427895	0.136920	0.892990	-0.428747	-0.410937	0.445028	0.795664	10 1.570796
7.833228	15.976217	22.347570	1	0.095858	-0.396872	-0.912855	-0.437001	0.807194	-0.396825	0.894339	0.436959	-0.096057	10 1.570796
14.267791	24.453347	20.412402	1	-0.335294	0.759098	-0.557987	-0.939814	-0.228144	0.254360	0.065782	0.609690	0.789906	10 1.570796
0.929550	14.230350	5.791107	1	0.845520	0.447487	-0.291294	0.525070	-0.795891	0.301431	-0.096953	-0.407814	-0.907903	10 1.570796
3.221375	21.459108	9.877807	1	0.349691	0.035729	-0.936183	-0.816046	0.502473	-0.285640	0.460202	0.863855	0.204867	10 1.570796
21.640248	7.004915	25.432505	1	-0.484170	-0.111987	-0.867779	-0.849249	-0.178580	0.496875	-0.210612	0.977532	-0.008641	10 1.570796
7.401615	0.897947	1.771690	1	0.427113	0.692088	0.581886	-0.749853	-0.088497	0.655659	0.505268	-0.716367	0.481165	10 1.570796
18.281091	0.392532	4.581821	1	0.760013	0.443968	0.474632	-0.597642	0.190488	0.778806	0.255354	-0.875561	0.410107	10 1.570796
13.355175	7.753372	18.680553	1	-0.107864	-0.860115	-0.498562	-0.496544	-0.387851	0.776544	-0.861284	0.331320	-0.385249	10 1.570796
23.180247	25.489252	13.478308	1	-0.038036	-0.085639	-0.995600	-0.876619	-0.475398	0.074385	-0.479678	0.875592	-0.056990	10 1.570796
3.976708	6.634333	13.689858	1	-0.269659	0.682055	-0.679769	-0.285597	0.617512	0.732881	0.919630	0.391767	0.028275	10 1.570796
13.140141	24.611561	25.153332	1	-0.691123	0.397034	0.603914	-0.684126	-0.089922	-0.723800	-0.233068	-0.913388	0.333768	10 1.570796
10.919375	5.154164	16.534029	1	-0.937853	0.346941	0.007953	0.239877	0.664659	-0.707592	-0.250780	-0.661710	-0.706576	10 1.570796
4.776578	11.580407	22.440178	1	0.016298	-0.822283	0.568845	-0.829475	-0.328796	-0.451516	0.558308	-0.464483	-0.687420	10 1.570796
6.153313	21.066982	18.978645	1	-0.160813	-0.972949	0.165866	-0.729339	0.230370	0.644203	-0.664985	-0.017376	-0.746654	10 1.570796
3.847679	5.113077	22.796310	1	0.749813	0.659712	-0.050604	0.554497	-0.668269	-0.495932	-0.360990	0.343797	-0.866885	10 1.570796
3.696553	14.041018	10.199278	1	0.481785	0.495126	-0.723004	0.873476	-0.205302	0.441460	0.070144	-0.844217	-0.531393	10 1.570796
19.222703	17.755377	3.608586	1	-0.118524	-0.844605	0.522104	-0.050198	-0.520043	-0.852664	0.991680	-0.127272	0.019240	10 1.570796
6.386754	21.993890	13.640696	1	-0.528605	0.561774	-0.636386	0.085445	0.781092	0.618543	0.844555	0.272587	-0.460889	10 1.570796
21.184597	18.001053	18.457848	1	-0.521069	-0.852115	0.048850	-0.766775	0.442207	-0.465308	0.374895	-0.279914	-0.883799	10 1.570796
7.910305	2.278061	18.669548	1	-0.040715	0.987229	-0.154015	-0.988416	-0.062352	-0.138372	-0.146207	0.146598	0.978332	10 1.570796
5.512540	14.934509	3.139618	1	-0.449358	-0.817053	0.361250	-0.796953	0.549350	0.251157	-0.403661	-0.175041	-0.898007	10 1.570796
4.918255	24.521278	6.261124	1	0.054937	-0.766079	-0.640394	-0.997361	-0.011614	-0.071665	0.047464	0.642642	-0.764695	10 1.570796
15.624072	23.781091	6.880723	1	0.081877	0.940823	0.328858	0.955110	-0.168331	0.243784	0.284715	0.294136	-0.912372	10 1.570796
2.638435	11.920631	11.380428	1	-0.248661	-0.863497	-0.438794	-0.767940	0.451844	-0.453990	0.590286	0.224077	-0.775469	10 1.570796
19.675156	0.921850	24.630337	1	0.788984	0.329648	-0.518495	0.123841	0.741242	0.659715	0.601803	-0.584715	0.544006	10 1.570796
23.797085	19.215112	5.638347	1	0.943573	0.224607	0.243351	0.317080	-0.824774	-0.468196	0.095548	0.518938	-0.849455	10 1.570796
25.618202	26.096725	5.017868	1	-0.352881	-0.927198	-0.125614	-0.699171	0.172086	0.693935	-0.621800	0.332703	-0.708995	10 1.570796
10.920302	21.982515	1.725367	1	-0.759676	0.594640	-0.263245	-0.615757	-0.527567	0.585248	0.209129	0.606695	0.766933	10 1.570796
25.133617	12.778481	16.177628	1	-0.898277	-0.211085	0.385413	0.173116	-0.976132	-0.131133	0.403895	-0.051075	0.913379	10 1.570796
7.083752	1.364056	11.509548	1	0.908356	0.236786	-0.344703	0.298591	-0.944328	0.138161	-0.292798	-0.228424	-0.928488	10 1.570796
5.995170	6.476688	24.664548	1	0.670493	-0.375755	-0.639725	0.317216	-0.634277	0.705030	-0.670681	-0.675648	-0.306083	10 1.570796
17.928486	18.727478	6.091682	1	-0.982664	-0.182496	0.032648	0.003835	-0.196071	-0.980583	0.185353	-0.963459	0.193372	10 1.570796
21.969666	23.322047	16.355030	1	0.845919	-0.520247	-0.117321	0.101014	-0.059702	0.993092	-0.523656	-0.851927	0.002050	10 1.570796
12.102745	5.809847	20.019009	1	0.774241	-0.548788	-0.315248	-0.036025	-0.535515	0.843758	-0.631864	-0.641915	-0.434387	10 1.570796
4.369864	22.108482	5.862803	1	-0.051405	-0.889810	0.453427	0.285490	-0.448173	-0.847132	0.957003	0.085904	0.277070	10 1.570796
16.617638	6.955750	4.449738	1	-0.048574	-0.031257	-0.998331	0.996988	-0.062023	-0.046567	-0.060466	-0.997586	0.034176	10 1.570796
10.032571	25.763499	6.670976	1	0.178643	-0.947194	0.266292	0.505519	-0.143834	-0.850742	0.844120	0.286594	0.453128	10 1.570796
21.959455	6.633389	16.356638	1	0.694758	-0.687664	0.210784	0.255111	-0.038401	-0.966151	0.672481	0.725014	0.148751	10 1.570796
23.094291	13.859995	19.027196	1	0.623066	0.574394	-0.530905	-0.781133	0.491877	-0.384560	0.040250	0.654314	0.755151	10 1.570796
1.056816	0.034992	16.234807	1	-0.362600	0.150269	-0.919751	0.524134	0.848922	-0.067937	0.770586	-0.506706	-0.386582	10 1.570796
5.321873	10.624352	10.765381	1	-0.761609	0.645079	-0.061840	0.598523	0.663621	-0.448751	-0.248441	-0.378787	-0.891514	10 1.570796
2.091014	10.928465	4.100961	1	0.158604	-0.981306	0.109021	0.242721	0.145781	0.959080	-0.957043	-0.125654	0.261304	10 1.570796
17.815590	25.233194	3.110224	1	-0.828518	0.149259	-0.539704	-0.460658	0.366285	0.808473	0.318357	0.918454	-0.234717	10 1.570796
4.898447	9.988184	14.112950	1	-0.966985	-0.245685	0.067665	0.221144	-0.677079	0.701897	-0.126629	0.693689	0.709056	10 1.570796
22.789820	11.543853	15.582772	1	0.066677	0.748554	-0.659716	-0.936803	0.274553	0.216842	0.343443	0.603564	0.719553	10 1.570796
25.991175	16.964934	19.009695	1	-0.726392	-0.619246	0.298142	0.155346	-0.570510	-0.806465	0.669494	-0.539494	0.510613	10 1.570796
5.305029	2.410730	3.571909	1	-0.954149	0.295072	0.050307	0.299128	0.933776	0.196428	0.010986	0.202472	-0.979226	10 1.570796
16.112869	16.096451	16.735859	1	-0.367564	0.904879	-0.214685	-0.897287	-0.284373	0.337648	0.244481	0.316742	0.916462	10 1.570796
21.968609	19.588833	12.284084	1	0.732961	0.294664	-0.613142	0.458242	-0.880011	0.124874	-0.502777	-0.372496	-0.780039	10 1.570796
16.821112	13.734869	8.021758	1	-0.829428	0.394211	-0.395787	0.088761	0.792519	0.603353	0.551518	0.465307	-0.692328	10 1.570796
16.186029	12.820863	2.966633	1	0.492909	-0.538791	-0.683188	-0.395352	-0.838153	0.375764	-0.775074	0.084881	-0.626143	10 1.570796
24.645055	12.781026	12.590470	1	0.546487	0.520339	0.656198	-0.454574	0.842382	-0.289402	-0.703357	-0.140138	0.696886	10 1.570796
12.009640	7.102293	17.473686	1	-0.233333	-0.908845	-0.345773	-0.703243	-0.087864	0.705499	-0.671570	0.407780	-0.618637	10 1.570796
25.330946	10.131949	16.291558	1	-0.287467	0.471868	-0.833488	0.953983	0.218573	-0.205283	0.085311	-0.854147	-0.512988	10 1.570796
6.860387	14.837590	11.798715	1	-0.744167	-0.385777	0.545336	0.665888	-0.363633	0.651432	-0.053005	0.847907	0.527490	10 1.570796
1.915288	17.324716	13.915939	1	0.966839	0.167184	0.193059	-0.232594	0.888602	0.395328	-0.105461	-0.427124	0.898023	10 1.570796
17.497764	17.604087	3.717560	1	-0.407227	0.176616	0.896088	0.861019	-0.253027	0.441160	0.304651	0.951202	-0.049032	10 1.570796
17.035186	7.192060	6.858468	1	-0.507874	-0.131953	-0.851265	-0.727904	-0.462727	0.506003	-0.460672	0.876626	0.138959	10 1.570796
12.048149	7.188725	24.168510	1	-0.583176	-0.747890	0.317121	-0.419264	-0.057262	-0.906056	0.695790	-0.661347	-0.280171	10 1.570796
10.229150	13.685221	18.152611	1	0.328963	0.709784	0.622885	0.286192	-0.703510	0.650513	0.899932	-0.035730	-0.434566	10 1.570796
9.941956	20.424301	4.036848	1	-0.704281	0.187599	-0.684688	-0.182371	0.884278	0.429873	0.686097	0.427618	-0.588569	10 1.570796
18.257458	18.103016	8.624985	1	0.248293	-0.968378	-0.024352	0.954447	0.240271	0.176931	-0.165485	-0.067173	0.983921	10 1.570796
24.213349	9.140522	11.243026	1	-0.862580	0.480353	-0.158797	0.452969	0.873069	0.180473	0.225331	0.083743	-0.970676	10 1.570796
9.806188	5.712633	10.804255	1	-0.353628	0.237084	0.904842	-0.879772	0.244278	-0.407836	-0.317725	-0.940276	0.122195	10 1.570796
24.511116	20.233227	11.992443	1	-0.844715	-0.533452	0.043393	-0.515901	0.789973	-0.331342	0.142478	-0.302277	-0.942512	10 1.570796
4.542500	12.277168	23.476917	1	0.736384	0.676391	0.015340	-0.374703	0.426606	-0.823169	-0.563328	0.600419	0.567591	10 1.570796
24.222870	19.382078	0.642011	1	-0.540533	-0.179100	-0.822039	0.283761	0.881017	-0.378535	0.792026	-0.437872	-0.425396	10 1.570796
13.555782	25.243942	10.378651	1	0.383777	-0.004762	0.923414	0.919901	-0.085330	-0.382756	0.080619	0.996342	-0.028368	10 1.570796
7.111452	13.450659	12.395951	1	-0.322605	-0.852257	-0.411805	-0.902799	0.146330	0.404404	-0.284396	0.502242	-0.816623	10 1.570796
3.051441	20.744446	15.769841	1	-0.972841	-0.143080	0.181955	-0.218419	0.827676	-0.516957	-0.076634	-0.542659	-0.836450	10 1.570796
22.885224	23.583885	13.091233	1	0.436070	-0.897901	-0.060141	0.259923	0.061688	0.963657	-0.861559	-0.435854	0.260285	10 1.570796
6.845617	19.698931	24.321457	1	-0.227115	0.801769	-0.552797	-0.938325	-0.028206	0.344601	0.260696	0.596969	0.758727	10 1.570796
1.434095	11.799053	15.964352	1	0.044108	0.895691	-0.442486	0.571846	0.340543	0.746338	0.819174	-0.285953	-0.497175	10 1.570796
13.578129	13.384056	20.597267	1	0.844130	-0.068448	0.531752	0.098605	0.994718	-0.028489	-0.526994	0.076481	0.846420	10 1.570796
22.247141	2.154157	12.637811	1	-0.693870	-0.283298	0.662032	-0.298781	0.949753	0.093270	-0.655193	-0.133086	-0.743648	10 1.570796
4.813046	19.438141	0.709112	1	0.488585	0.262451	0.832109	-0.298259	-0.846000	0.441958	0.819954	-0.464118	-0.335063	10 1.570796
25.779274	9.744686	0.823498	1	0.771442	0.354958	0.528093	0.608001	-0.655968	-0.447259	0.187654	0.666114	-0.721856	10 1.570796
3.100827	22.221912	13.282715	1	0.811732	-0.017903	-0.583753	-0.295059	-0.875161	-0.383451	-0.504014	0.483503	-0.715679	10 1.570796
17.217204	3.196319	2.461621	1	-0.250561	0.667487	-0.701200	0.002942	0.724824	0.688926	0.968096	0.170557	-0.183575	10 1.570796
3.959428	1.335598	16.223486	1	-0.598452	0.024174	-0.800795	-0.596090	-0.681272	0.424907	-0.535289	0.731631	0.422116	10 1.570796
2.022307	11.844353	22.433380	1	-0.951563	0.128257	0.279423	0.304716	0.272426	0.912651	0.040931	0.953590	-0.298314	10 1.570796
13.542183	7.135277	13.232727	1	-0.656312	-0.091988	-0.748860	-0.413769	-0.786090	0.459194	-0.630913	0.611230	0.477858	10 1.570796
24.866727	6.463904	12.796900	1	0.433732	0.086869	0.896844	-0.687471	-0.611514	0.391706	0.582459	-0.786451	-0.205515	10 1.570796
15.072582	20.310775	2.468511	1	-0.389641	0.800927	-0.454640	-0.307545	0.352160	0.883969	0.868098	0.484252	0.109104	10 1.570796
10.781134	15.566648	11.394503	1	-0.806216	0.431007	0.405278	0.584422	0.473627	0.658885	0.092034	0.768057	-0.633735	10 1.570796
22.585259	23.531004	6.311557	1	-0.706841	0.695419	-0.129491	-0.523140	-0.637132	-0.566028	-0.476127	-0.332350	0.814153	10 1.570796
10.562920	5.666559	3.191727	1	0.529195	0.831115	0.170881	-0.799815	0.555847	-0.226557	-0.283279	-0.016781	0.958891	10 1.570796
1.562349	5.941456	3.644935	1	0.648241	0.564652	-0.510834	-0.405662	-0.311642	-0.859254	-0.644378	0.764230	0.027039	10 1.570796
13.004171	18.255230	11.375129	1	-0.181614	0.824157	0.536452	-0.388610	-0.561272	0.730723	0.903326	-0.075761	0.422210	10 1.570796
0.129596	1.540710	9.421776	1	-0.734593	0.269939	-0.622501	0.495583	0.840099	-0.220523	0.463433	-0.470496	-0.750907	10 1.570796
13.718562	24.367509	16.358114	1	-0.660922	0.608797	-0.438802	0.069541	0.631885	0.771936	0.747224	0.479674	-0.459965	10 1.570796
7.753704	12.010982	19.372093	1	0.889656	0.437559	-0.130593	0.456544	-0.846698	0.273263	0.008997	-0.302731	-0.953034	10 1.570796
14.574120	23.794605	16.793198	1	-0.689883	0.590910	-0.418194	-0.691887	-0.368262	0.621028	0.212967	0.717778	0.662901	10 1.570796
18.270161	1.000011	6.236092	1	0.748759	-0.377335	0.544956	0.371925	-0.441363	-0.816622	0.548663	0.814136	-0.190132	10 1.570796
13.943920	21.322575	24.855793	1	-0.406630	0.889151	0.209916	0.252630	0.330243	-0.909459	-0.877970	-0.316781	-0.358913	10 1.570796
23.770847	9.968828	4.041021	1	-0.803394	0.252195	0.539403	-0.521725	-0.734744	-0.433538	0.286987	-0.629723	0.721863	10 1.570796
15.017578	9.017155	22.763178	1	-0.982206	-0.045554	0.182197	-0.063496	-0.832460	-0.550436	0.176746	-0.552209	0.814755	10 1.570796
6.464084	25.034056	9.525246	1	0.839926	0.541024	0.042647	0.536459	-0.815813	-0.216011	-0.082074	0.204310	-0.975460	10 1.570796
6.299389	5.667727	12.797714	1	0.400415	-0.641576	-0.654255	-0.429512	0.499290	-0.752483	0.809437	0.582316	-0.075640	10 1.570796
12.945527	6.079811	8.114966	1	0.949008	0.222565	0.223273	0.308039	-0.503993	-0.806911	-0.067063	0.834541	-0.546850	10 1.570796
23.536610	17.042743	10.314463	1	-0.671799	-0.682699	0.287416	0.233383	0.173174	0.956840	-0.703006	0.709883	0.042992	10 1.570796
1.272619	0.525506	18.095735	1	-0.907651	-0.175143	0.381437	0.006524	-0.914553	-0.404415	0.419676	-0.364577	0.831236	10 1.570796
14.922581	25.423681	3.908897	1	0.089472	-0.938628	-0.333120	-0.994215	-0.104120	0.026348	-0.059416	0.328837	-0.942517	10 1.570796
9.805860	0.367703	17.680813	1	-0.792442	0.566952	0.224953	-0.609698	-0.746880	-0.265403	0.017543	-0.347470	0.937528	10 1.570796
25.336099	6.129052	17.369238	1	0.390965	-0.204455	0.897408	0.250569	0.961833	0.109970	-0.885642	0.181868	0.427275	10 1.570796
5.087632	4.234224	1.780682	1	-0.000299	0.973839	0.227237	-0.804529	-0.135194	0.578323	0.593915	-0.182644	0.783523	10 1.570796
1.661009	25.229299	9.614448	1	0.015497	-0.459470	-0.888059	0.210161	-0.866827	0.452153	-0.977544	-0.193642	0.083129	10 1.570796
17.253722	2.314452	8.214133	1	0.740515	-0.252436	-0.622828	0.137224	0.964042	-0.227580	0.657883	0.083059	0.748527	10 1.570796
14.086906	20.016106	0.163927	1	0.124612	0.057897	0.990516	-0.320434	0.947152	-0.015051	-0.939038	-0.315519	0.136578	10 1.570796
5.480934	6.903057	22.349758	1	0.319429	0.889096	-0.327834	0.899400	-0.175517	0.400341	0.298401	-0.422734	-0.855719	10 1.570796
8.236976	2.752920	24.932844	1	0.520830	0.233979	-0.820968	-0.613409	0.771405	-0.169300	0.593687	0.591767	0.545297	10 1.570796
3.380915	9.434242	8.815006	1	0.357969	-0.920017	0.159459	0.023398	0.179562	0.983468	-0.933440	-0.348318	0.085801	10 1.570796
24.307636	24.582100	5.646423	1	-0.417170	-0.084598	0.904882	0.448666	0.846701	0.286002	-0.790361	0.525301	-0.315262	10 1.570796
16.721291	13.021069	10.634853	1	0.126278	0.827012	0.547818	0.183621	0.523209	-0.832186	-0.974852	0.205678	-0.085788	10 1.570796
12.409695	11.562084	24.229763	1	0.087398	-0.101338	-0.991005	0.989871	0.120558	0.074969	0.111876	-0.987520	0.110849	10 1.570796
4.105339	4.806246	3.058268	1	-0.819359	-0.412874	0.397724	0.214995	-0.864440	-0.454446	0.531439	-0.286844	0.797053	10 1.570796
6.424595	1.823401	20.801693	1	-0.581933	0.577501	-0.572579	-0.517573	0.280068	0.808505	0.627274	0.766847	0.135918	10 1.570796
4.210991	17.984642	25.534382	1	0.046997	-0.002225	0.998893	-0.505414	-0.862600	0.021858	0.861596	-0.505883	-0.041665	10 1.570796
6.259308	14.069915	8.556190	1	0.866822	-0.495811	0.052827	0.463301	0.761731	-0.452900	0.184313	0.417058	0.889996	10 1.570796
25.467251	6.214745	10.033058	1	-0.719010	-0.285292	0.633744	-0.554831	-0.313535	-0.770622	0.418553	-0.905706	0.067147	10 1.570796
18.580537	20.107379	5.720033	1	-0.423493	-0.271594	-0.864226	0.798654	0.338325	-0.497684	0.427558	-0.900984	0.073632	10 1.570796
16.686905	14.433586	18.752071	1	0.176394	-0.931680	-0.317579	-0.321614	0.250377	-0.913168	0.930296	0.263216	-0.255476	10 1.570796
