8000
0.0	0.0	0.0
26.133631	0.000000	0.000000	
0.000000	26.133631	0.000000	
0.000000	0.000000	26.133631	
25.423662	7.675196	2.363054	1	-0.465592	-0.705039	0.534924	0.755953	-0.002542	0.654620	-0.460174	0.709165	0.534161	10 1.570796
18.806147	16.125078	8.303465	1	-0.767586	-0.539233	-0.346471	-0.605019	0.788018	0.113944	0.211583	0.297085	-0.931116	10 1.570796
21.774035	7.340010	24.172815	1	0.296388	-0.900691	-0.317664	-0.080177	-0.354900	0.931459	-0.951696	-0.250604	-0.177403	10 1.570796
5.144308	21.577074	12.418146	1	-0.705000	-0.291344	0.646602	0.171941	0.814310	0.554380	-0.688049	0.502013	-0.523994	10 1.570796
13.699049	11.254801	13.949640	1	0.294509	-0.643268	-0.706732	0.738124	-0.316603	0.595766	-0.606991	-0.697115	0.381569	10 1.570796
14.895075	6.979658	7.046225	1	0.098031	-0.940687	-0.324806	0.953433	0.182318	-0.240260	0.285226	-0.286127	0.914755	10 1.570796
11.795393	9.458899	13.168524	1	0.246121	0.836196	0.490105	0.626511	-0.523073	0.577821	0.739532	0.164842	-0.652626	10 1.570796
4.493511	0.163395	23.694304	1	-0.138843	-0.278674	-0.950297	0.963998	-0.257782	-0.065249	-0.226785	-0.925142	0.304431	10 1.570796
8.076896	19.545296	21.451117	1	-0.047059	0.942959	0.329565	0.990136	0.087619	-0.109317	-0.131958	0.321171	-0.937782	10 1.570796
9.492758	22.399221	14.159533	1	0.827495	0.523138	0.203908	0.430430	-0.824246	0.367895	0.360529	-0.216664	-0.907234	10 1.570796
0.945015	18.794775	8.056532	1	-0.134349	-0.846571	-0.515042	-0.665480	-0.308028	0.679893	-0.734225	0.434093	-0.521993	10 1.570796
12.387354	12.741926	26.058157	1	-0.567831	-0.304772	-0.764645	-0.662997	-0.381214	0.644292	-0.487855	0.872807	0.014403	10 1.570796
23.463709	17.044970	4.086119	1	0.024298	-0.146760	-0.988874	0.633709	0.767299	-0.098304	0.773188	-0.624269	0.111646	10 1.570796
12.565016	4.916948	13.641073	1	0.423225	-0.895855	0.135371	0.845434	0.444209	0.296510	-0.325763	-0.011043	0.945387	10 1.570796
8.153151	21.149935	18.934843	1	-0.382972	0.002596	0.923756	0.196400	0.977362	0.078680	-0.902640	0.211559	-0.374811	10 1.570796
5.501200	10.327375	25.073217	1	-0.855889	0.262802	-0.445407	-0.100566	0.760243	0.641809	0.507287	0.594110	-0.624255	10 1.570796
15.639708	22.391504	8.420080	1	0.614147	-0.065243	0.786489	-0.518687	0.717733	0.464567	-0.594800	-0.693254	0.406955	10 1.570796
17.090860	17.854876	8.947622	1	0.637243	0.167759	0.752181	-0.521636	-0.624560	0.581222	0.567289	-0.762745	-0.310489	10 1.570796
4.439394	4.822338	5.007977	1	0.583865	-0.005204	-0.811835	-0.386196	-0.881369	-0.272100	-0.714111	0.472398	-0.516609	10 1.570796
21.660898	18.994936	5.633545	1	-0.577785	-0.600938	0.552301	-0.049954	0.701451	0.710965	-0.814658	0.383198	-0.435307	10 1.570796
1.697241	17.366941	7.439573	1	0.009676	0.801325	0.598151	-0.981694	-0.106179	0.158125	0.190221	-0.588730	0.785629	10 1.570796
12.409273	1.952417	0.749163	1	-0.740097	0.413339	-0.530482	-0.584786	-0.785080	0.204140	-0.332091	0.461301	0.822749	10 1.570796
13.637434	14.933031	21.527315	1	0.523659	-0.152225	0.838218	-0.822989	0.163875	0.543906	-0.220157	-0.974665	-0.039462	10 1.570796
14.624281	17.062521	25.877821	1	-0.940147	0.248978	0.232669	0.227701	0.966956	-0.114658	-0.253528	-0.054818	-0.965775	10 1.570796
13.045527	9.361967	17.848135	1	-0.446901	0.105622	-0.888324	0.291392	0.956038	-0.032920	0.845796	-0.273561	-0.458032	10 1.570796
14.225058	20.086275	10.731268	1	0.880399	0.469107	0.069556	0.337780	-0.723246	0.602344	0.332870	-0.506808	-0.795199	10 1.570796
17.390432	20.176329	22.167715	1	0.675873	-0.344063	-0.651779	0.218396	0.938125	-0.268749	0.703915	0.039295	0.709196	10 1.570796
11.707457	7.559519	19.141443	1	0.686173	-0.522954	0.505655	-0.721811	-0.403180	0.562526	-0.090308	-0.750978	-0.654126	10 1.570796
5.500797	12.922197	20.271856	1	0.948950	-0.221597	0.224472	0.035270	0.781732	0.622614	-0.313448	-0.582914	0.749641	10 1.570796
20.622965	0.366749	23.165514	1	0.203721	-0.126583	-0.970810	0.279635	-0.942774	0.181607	-0.938244	-0.308471	-0.156666	10 1.570796
15.401865	6.464666	23.475531	1	0.360289	-0.604434	-0.710530	0.724661	0.660988	-0.194836	0.587417	-0.444697	0.676156	10 1.570796
12.232508	7.081160	0.141119	1	0.495300	0.300279	0.815175	0.428686	0.731671	-0.529989	-0.755584	0.611957	0.233672	10 1.570796
23.177565	19.411707	2.788567	1	0.248899	0.782673	-0.570499	0.413555	0.446756	0.793335	0.875797	-0.433391	-0.212481	10 1.570796
8.573046	13.249746	16.677515	1	-0.836956	0.194408	0.511574	0.380372	0.878724	0.288375	-0.393468	0.435947	-0.809403	10 1.570796
1.748850	1.172060	1.769302	1	0.919885	0.388176	-0.055943	0.391692	-0.916488	0.081401	-0.019676	-0.096792	-0.995110	10 1.570796
11.617552	14.200487	8.190004	1	0.796655	0.583875	0.156303	0.130116	0.086870	-0.987686	-0.590263	0.807184	-0.006766	10 1.570796
10.457575	8.450743	11.403383	1	-0.203414	-0.975462	0.084236	-0.214052	0.128260	0.968364	-0.955408	0.178949	-0.234889	10 1.570796
3.483097	2.170067	4.248255	1	0.001489	-0.975255	-0.221076	0.843230	0.120064	-0.523977	0.537552	-0.185639	0.822541	10 1.570796
19.800592	13.066427	22.474134	1	0.275798	0.307808	-0.910599	-0.162996	-0.918644	-0.359896	-0.947295	0.247682	-0.203187	10 1.570796
5.676336	24.437471	15.953299	1	0.696730	-0.696700	-0.170807	0.716213	0.662339	0.219878	-0.040056	-0.275531	0.960458	10 1.570796
18.293680	12.601023	9.300440	1	-0.190220	-0.702537	0.685752	0.973628	-0.045387	0.223576	-0.125946	0.710196	0.692646	10 1.570796
3.850307	7.159216	3.054087	1	-0.069458	0.890663	0.449328	0.764166	0.337039	-0.549959	-0.641269	0.305162	-0.704023	10 1.570796
2.840309	3.142567	4.692110	1	-0.127128	0.957846	0.257628	0.651053	0.276533	-0.706867	-0.748310	0.077867	-0.658763	10 1.570796
7.354932	12.642809	13.512008	1	-0.918160	-0.362822	0.159194	-0.206169	0.094395	-0.973953	0.338343	-0.927065	-0.161473	10 1.570796
15.648420	3.582247	15.720819	1	0.204811	0.852944	0.480144	-0.241324	-0.431397	0.869287	0.948585	-0.293911	0.117478	10 1.570796
25.253359	22.568270	2.208467	1	0.241515	-0.756636	-0.607594	-0.779417	0.221745	-0.585951	0.578083	0.615086	-0.536180	10 1.570796
7.243361	21.132021	9.259525	1	-0.760941	0.439638	0.477167	-0.451885	0.168633	-0.875993	-0.465586	-0.882202	0.070348	10 1.570796
24.078588	14.049646	25.548872	1	0.615641	0.150716	0.773478	0.630379	-0.683185	-0.368621	0.472872	0.714523	-0.515604	10 1.570796
4.365479	14.864950	17.820303	1	-0.411168	-0.487793	0.770064	-0.906315	0.128275	-0.402663	0.097636	-0.863484	-0.494837	10 1.570796
24.173349	22.490335	20.269030	1	0.176553	0.328428	0.927881	-0.935536	-0.237021	0.261905	0.305944	-0.914308	0.265410	10 1.570796
22.247229	11.605368	16.113588	1	-0.592367	0.323213	-0.737993	0.297961	-0.763169	-0.573404	-0.748546	-0.559559	0.355771	10 1.570796
18.910746	7.276548	18.415419	1	0.172874	-0.971274	0.163527	0.941287	0.114039	-0.317758	0.289982	0.208859	0.933965	10 1.570796
0.531036	17.593428	23.549009	1	-0.003863	-0.640885	-0.767629	0.454548	0.682621	-0.572199	0.890712	-0.351134	0.288675	10 1.570796
2.280176	21.661016	3.376989	1	0.844407	-0.531377	0.067933	-0.497820	-0.731523	0.465884	-0.197865	-0.427213	-0.882235	10 1.570796
8.771215	22.244242	22.547838	1	-0.237042	0.835752	0.495309	-0.334262	-0.548872	0.766165	0.912184	0.016049	0.409466	10 1.570796
14.007204	21.145037	23.217020	1	-0.281005	0.108308	0.953576	0.558793	0.826277	0.070820	-0.780247	0.552753	-0.292710	10 1.570796
0.373289	19.320791	22.803015	1	-0.991698	-0.085801	-0.095768	-0.121619	0.384157	0.915224	-0.041735	0.919273	-0.391404	10 1.570796
1.284084	13.269903	13.683115	1	-0.001581	0.137578	0.990490	0.497041	0.859583	-0.118603	-0.867724	0.492129	-0.069740	10 1.570796
1.887646	13.755720	22.305944	1	-0.200530	0.903311	0.379231	-0.346967	0.296521	-0.889769	-0.916188	-0.310005	0.253959	10 1.570796
25.369677	19.802973	1.727747	1	-0.584066	-0.801157	-0.130448	0.805743	-0.591683	0.026259	-0.098221	-0.089770	0.991108	10 1.570796
25.246397	26.133175	15.641062	1	0.941219	0.108904	0.319759	0.260326	-0.837076	-0.481182	0.215260	0.536140	-0.816222	10 1.570796
7.636293	0.461992	8.682421	1	-0.632374	-0.662181	0.402019	-0.145967	0.611518	0.777650	-0.760787	0.433085	-0.483364	10 1.570796
2.831013	9.339014	7.817957	1	0.132894	-0.421270	-0.897145	-0.841033	-0.526860	0.122815	-0.524409	0.738205	-0.424319	10 1.570796
5.875097	3.348963	15.788813	1	0.116728	-0.763150	-0.635590	0.887384	-0.207254	0.411819	-0.446008	-0.612083	0.653017	10 1.570796
22.058695	7.555387	10.084139	1	-0.147262	0.988857	0.021817	-0.166669	-0.046548	0.984914	0.974953	0.141403	0.171668	10 1.570796
12.680742	14.134336	24.338644	1	-0.809345	0.309486	-0.499179	-0.524615	0.001219	0.851337	0.264086	0.950903	0.161375	10 1.570796
6.811552	18.607286	9.448488	1	0.301112	-0.952241	0.050664	0.559817	0.133510	-0.817791	0.771969	0.274609	0.573282	10 1.570796
22.015535	4.955868	10.166430	1	0.785001	0.606574	0.125858	0.538631	-0.567939	-0.622353	-0.306022	0.556338	-0.772553	10 1.570796
9.262350	11.852648	22.151697	1	0.932801	-0.346643	-0.098607	0.114692	0.026146	0.993057	-0.341658	-0.937633	0.064146	10 1.570796
5.193434	21.509806	22.846972	1	0.368010	-0.199325	0.908205	-0.926347	-0.162952	0.339597	0.080306	-0.966291	-0.244613	10 1.570796
10.513102	2.803904	1.180758	1	-0.626650	0.748139	0.218167	0.726274	0.459156	0.511569	0.282552	0.479024	-0.831085	10 1.570796
6.412764	8.519812	3.514563	1	-0.562180	-0.212825	0.799162	0.351964	-0.936011	-0.001677	0.748381	0.280334	0.601114	10 1.570796
1.242445	23.487822	6.541239	1	0.884731	-0.428080	0.184380	0.034824	0.455183	0.889716	-0.464797	-0.780738	0.417622	10 1.570796
13.927450	21.661669	15.165300	1	0.574112	-0.751488	0.325059	-0.413086	-0.608619	-0.677453	0.706934	0.254655	-0.659845	10 1.570796
3.917821	2.249568	13.100286	1	0.602915	-0.183839	0.776335	0.671286	-0.408943	-0.618174	0.431119	0.893851	-0.123148	10 1.570796
8.791594	7.021521	10.708548	1	-0.229809	0.972485	-0.038243	-0.129341	0.008430	0.991564	0.964603	0.232816	0.123845	10 1.570796
13.600195	6.715685	7.123934	1	0.373150	0.837915	0.398319	0.927534	-0.346633	-0.139742	0.020978	0.421598	-0.906540	10 1.570796
2.003029	21.969355	16.390566	1	0.198090	0.707751	-0.678120	0.615754	0.448426	0.647891	0.762633	-0.545895	-0.346970	10 1.570796
2.367165	19.740007	5.216019	1	-0.158549	-0.521459	0.838417	-0.015243	-0.847764	-0.530154	0.987234	-0.096833	0.126463	10 1.570796
12.822817	5.730286	15.752771	1	-0.833057	-0.059165	0.550016	-0.550342	0.189377	-0.813178	-0.056051	-0.980119	-0.190324	10 1.570796
24.236296	19.691706	7.789736	1	0.832381	0.506002	-0.226067	0.136914	-0.583015	-0.800841	-0.537027	0.635653	-0.554571	10 1.570796
24.067778	9.115160	0.144716	1	-0.669437	0.695478	-0.261079	-0.112996	0.252026	0.961101	0.734224	0.672899	-0.090128	10 1.570796
13.394457	7.001005	21.975191	1	0.615689	0.246321	0.748501	-0.582180	-0.497939	0.642745	0.531029	-0.831493	-0.163173	10 1.570796
18.308409	15.491659	17.520071	1	-0.360812	0.916277	-0.173928	0.914202	0.310579	-0.260337	-0.184523	-0.252937	-0.949723	10 1.570796
14.066637	16.150690	7.756914	1	0.453274	0.701331	0.550160	0.883559	-0.435045	-0.173377	0.117751	0.564687	-0.816862	10 1.570796
7.532839	10.940798	8.300768	1	0.918622	-0.021878	0.394526	0.368120	0.410224	-0.834388	-0.143592	0.911723	0.384894	10 1.570796
8.691076	7.746466	1.067719	1	0.407713	0.778394	0.477359	0.653152	0.116716	-0.748178	-0.638094	0.616830	-0.460824	10 1.570796
8.684877	8.962973	13.114111	1	0.521135	-0.122875	-0.844581	-0.753287	0.398979	-0.522851	0.401217	0.908689	0.115362	10 1.570796
10.336229	17.282621	25.290491	1	-0.940251	0.274597	0.201309	0.158414	-0.170541	0.972533	0.301385	0.946316	0.116852	10 1.570796
1.070711	11.968027	4.634424	1	0.931974	-0.302745	0.199427	-0.031268	-0.615183	-0.787764	0.361175	0.727940	-0.582801	10 1.570796
9.825788	20.808672	16.886438	1	0.342595	-0.938977	-0.030868	0.857961	0.326086	-0.396948	0.382791	0.109509	0.917323	10 1.570796
13.463633	13.511896	13.205164	1	0.362434	0.120489	-0.924186	0.299830	0.923820	0.238026	0.882464	-0.363369	0.298697	10 1.570796
17.668085	9.027033	7.962729	1	0.014089	-0.878045	-0.478371	-0.623828	-0.381608	0.682066	-0.781434	0.288812	-0.553126	10 1.570796
21.476313	21.205580	16.470652	1	-0.186065	-0.766163	0.615121	-0.268943	-0.562430	-0.781883	0.945014	-0.310914	-0.101406	10 1.570796
2.957380	13.697634	4.566549	1	-0.973236	0.138293	0.183540	-0.229725	-0.564178	-0.793052	-0.006124	-0.813991	0.580845	10 1.570796
12.281813	12.050974	19.658010	1	-0.503458	0.268163	0.821353	-0.724685	0.386589	-0.570421	-0.470494	-0.882404	-0.000297	10 1.570796
15.300085	25.323935	22.011057	1	0.940266	0.067119	-0.333761	-0.339747	0.247632	-0.907331	0.021750	0.966527	0.255643	10 1.570796
25.397646	9.012190	0.345118	1	0.994647	0.080347	-0.064963	0.011241	-0.709148	-0.704969	-0.102710	0.700466	-0.706255	10 1.570796
4.262861	3.720318	6.166334	1	0.322858	-0.405162	-0.855341	-0.015618	0.901335	-0.432843	0.946318	0.153105	0.284675	10 1.570796
21.393595	6.330549	8.148634	1	-0.226162	0.805367	-0.547936	0.959518	0.281121	0.017157	0.167854	-0.521875	-0.836345	10 1.570796
21.444269	0.860935	4.496386	1	0.738769	0.062799	0.671025	-0.368098	-0.796427	0.479797	0.564555	-0.601464	-0.565261	10 1.570796
12.655191	17.745142	14.781961	1	-0.058929	-0.567819	-0.821041	0.927665	0.272657	-0.255145	0.368736	-0.776688	0.510678	10 1.570796
5.560545	14.699545	21.845720	1	0.053059	0.759817	0.647968	-0.770615	-0.381524	0.510483	0.635090	-0.526419	0.565283	10 1.570796
15.169558	20.686193	0.247627	1	-0.016390	0.954921	0.296408	0.884415	-0.124441	0.449808	0.466416	0.269520	-0.842506	10 1.570796
11.349566	2.354652	19.642649	1	-0.508381	0.093902	0.855996	0.007430	0.994477	-0.104683	-0.861101	-0.046860	-0.506271	10 1.570796
23.918097	18.472948	25.981062	1	-0.508325	-0.804557	0.307072	-0.809643	0.567983	0.147892	-0.293402	-0.173441	-0.940126	10 1.570796
3.846267	23.369182	14.053394	1	-0.892162	0.383717	-0.238347	-0.378905	-0.348434	0.857337	0.245926	0.855194	0.456250	10 1.570796
1.831528	16.018728	6.709032	1	0.293044	-0.950361	0.104585	0.361806	0.211479	0.907949	-0.884997	-0.228229	0.405819	10 1.570796
3.543539	19.716284	16.747053	1	-0.818843	0.241069	0.520946	-0.100551	-0.953745	0.283301	0.565146	0.179596	0.805206	10 1.570796
17.563490	2.495520	1.591570	1	-0.387187	0.107411	-0.915725	0.908219	0.215519	-0.358733	0.158824	-0.970575	-0.180997	10 1.570796
25.760683	24.103586	14.638865	1	-0.449653	0.168644	0.877139	-0.573055	-0.807733	-0.138468	0.685144	-0.564912	0.459843	10 1.570796
7.079214	1.426130	4.744656	1	-0.340930	0.939556	0.031654	-0.048721	-0.051288	0.997495	0.938827	0.338535	0.063261	10 1.570796
7.018274	14.311113	4.421951	1	-0.662735	0.173624	-0.728448	0.703578	0.477475	-0.526302	0.256437	-0.861319	-0.438597	10 1.570796
1.773989	19.630754	16.059828	1	0.049926	0.603669	0.795669	-0.640322	-0.592045	0.489357	0.766481	-0.533918	0.356984	10 1.570796
8.449827	5.050085	7.563532	1	0.039409	-0.335470	0.941227	-0.434443	0.842517	0.318478	-0.899837	-0.421458	-0.112540	10 1.570796
25.032209	8.971895	22.645670	1	-0.777248	-0.038941	0.627988	0.569696	0.380110	0.728670	-0.267079	0.924121	-0.273256	10 1.570796
5.020594	11.203615	4.886591	1	0.365293	-0.693502	-0.620981	-0.238285	0.575196	-0.782541	0.899879	0.433826	0.044863	10 1.570796
22.065409	8.938978	11.413229	1	-0.138645	0.946493	0.291425	0.831888	-0.048359	0.552832	0.537345	0.319080	-0.780670	10 1.570796
13.887754	0.012260	4.635006	1	0.058493	-0.535102	0.842761	0.574794	0.708278	0.409818	-0.816203	0.460444	0.349004	10 1.570796
10.760744	18.885942	18.133726	1	-0.586808	0.717811	-0.374706	-0.399809	-0.659265	-0.636807	-0.704138	-0.223873	0.673849	10 1.570796
13.635324	13.703314	21.695650	1	0.204298	0.923123	-0.325739	0.967015	-0.138603	0.213704	0.152127	-0.358653	-0.920990	10 1.570796
1.048883	25.958429	0.016338	1	0.938903	0.321332	0.123312	-0.126288	-0.011652	0.991924	0.320174	-0.946893	0.029640	10 1.570796
5.577774	8.575094	5.691069	1	-0.310864	-0.157478	0.937317	-0.813575	-0.465768	-0.348078	0.491388	-0.870782	0.016670	10 1.570796
23.992792	14.204531	8.704988	1	-0.317950	0.912643	0.256888	0.940136	0.338545	-0.039139	-0.122688	0.229065	-0.965648	10 1.570796
8.804575	23.381117	20.267694	1	0.028326	-0.188110	-0.981739	-0.729386	-0.675462	0.108380	-0.683514	0.712997	-0.156338	10 1.570796
4.779877	24.927977	6.933584	1	0.659083	-0.294777	0.691895	-0.685888	0.141776	0.713764	-0.308494	-0.944990	-0.108744	10 1.570796
12.145731	13.984842	4.332146	1	-0.759508	0.215681	-0.613701	-0.457612	-0.847665	0.268431	-0.462316	0.484715	0.742506	10 1.570796
15.844584	15.660955	22.787245	1	0.661826	-0.095698	0.743525	0.380064	0.897737	-0.222758	-0.646171	0.430014	0.630517	10 1.570796
7.909544	8.266020	17.176126	1	-0.532849	0.468897	0.704420	-0.840136	-0.392703	-0.374107	0.101210	-0.791151	0.603190	10 1.570796
13.333185	9.845388	1.166290	1	-0.852047	-0.240071	0.465167	-0.355821	-0.386149	-0.851047	0.383935	-0.890649	0.243595	10 1.570796
6.198465	10.821566	17.459478	1	-0.920018	-0.313929	0.234559	-0.116911	0.791168	0.600321	-0.374034	0.524881	-0.764590	10 1.570796
25.796083	18.709772	4.790657	1	0.553785	-0.583079	0.594426	-0.318532	0.511236	0.798231	-0.769323	-0.631392	0.097387	10 1.570796
12.508444	22.694857	8.482630	1	-0.306003	0.661744	0.684438	0.895526	-0.043914	0.442837	0.323102	0.748442	-0.579174	10 1.570796
24.485517	7.553143	6.229927	1	0.459319	0.584955	-0.668472	-0.878031	0.412925	-0.241977	0.134483	0.698083	0.703273	10 1.570796
17.246912	6.502119	4.975014	1	-0.415714	0.847117	-0.331023	-0.444699	0.128167	0.886462	0.793364	0.515719	0.323433	10 1.570796
24.926870	8.331022	21.445257	1	0.248825	0.188600	0.950008	-0.052076	-0.976834	0.207564	0.967148	-0.101121	-0.233240	10 1.570796
24.418859	17.407045	25.041807	1	-0.823121	0.567768	-0.010380	0.240478	0.365073	0.899384	0.514431	0.737806	-0.437036	10 1.570796
22.453726	19.641150	18.100367	1	-0.060357	-0.361667	0.930352	-0.983137	0.182720	0.007250	-0.172616	-0.914226	-0.366594	10 1.570796
22.376543	16.443987	6.218534	1	0.418068	0.399707	-0.815753	0.908327	-0.196445	0.369255	-0.012658	-0.895346	-0.445192	10 1.570796
8.511801	7.827707	12.545115	1	0.492160	0.707649	0.506963	0.244377	-0.671275	0.699766	0.835500	-0.220506	-0.503306	10 1.570796
15.719239	14.722319	24.218446	1	0.214146	0.975472	-0.050948	-0.921978	0.219079	0.319312	0.322641	-0.021407	0.946279	10 1.570796
22.092253	9.478342	6.458612	1	0.283932	0.884801	-0.369472	-0.310051	0.449353	0.837826	0.907331	-0.123332	0.401919	10 1.570796
15.057619	25.974615	20.826094	1	-0.656032	-0.279643	-0.701016	0.558180	-0.804940	-0.201263	-0.507994	-0.523327	0.684158	10 1.570796
18.113195	24.975607	7.550417	1	0.841648	-0.023100	0.539530	0.447404	-0.529667	-0.720612	0.302419	0.847891	-0.435457	10 1.570796
1.093815	1.328972	24.336859	1	0.526037	0.027125	-0.850028	0.493992	-0.823342	0.279430	-0.692284	-0.566898	-0.446508	10 1.570796
4.305069	6.522116	26.005247	1	0.627795	0.602252	0.493120	-0.463536	-0.219668	0.858417	0.625306	-0.767487	0.141258	10 1.570796
19.813440	10.015654	14.583548	1	-0.642459	0.632847	-0.432146	-0.595453	-0.057294	0.801345	0.482370	0.772153	0.413641	10 1.570796
8.888313	5.374407	20.639687	1	-0.876623	-0.378091	0.297623	-0.166498	-0.341976	-0.924840	0.451452	-0.860290	0.236833	10 1.570796
16.304911	24.236616	18.151678	1	-0.217863	-0.865325	-0.451384	-0.945299	0.072041	0.318148	-0.242783	0.496006	-0.833688	10 1.570796
2.383373	5.350210	2.285118	1	0.838967	-0.436866	0.324474	0.252624	-0.215455	-0.943273	0.481992	0.873344	-0.070396	10 1.570796
22.891254	1.463641	23.367828	1	0.212507	-0.263403	-0.940988	0.067075	0.964643	-0.254879	0.974856	-0.008954	0.222661	10 1.570796
13.129545	14.305685	0.189478	1	-0.066288	-0.947524	0.312734	-0.896118	0.194377	0.398985	-0.438836	-0.253802	-0.861978	10 1.570796
12.895659	11.096254	24.191422	1	0.742970	-0.663000	-0.091797	-0.632680	-0.650897	-0.419582	0.218432	0.369816	-0.903065	10 1.570796
7.861879	6.071398	17.093691	1	-0.797254	0.562096	0.220075	-0.590344	-0.802135	-0.089864	0.126017	-0.201564	0.971335	10 1.570796
23.261148	3.301525	14.441637	1	-0.656659	-0.648857	0.384426	-0.740803	0.650527	-0.167409	-0.141455	-0.394714	-0.907851	10 1.570796
14.318918	12.874804	19.407949	1	-0.821034	-0.519972	0.235653	0.037958	0.362154	0.931345	-0.569616	0.773611	-0.277604	10 1.570796
3.729991	5.597344	15.982660	1	-0.862716	-0.505690	-0.000246	0.152100	-0.259950	0.953569	-0.482273	0.822621	0.301177	10 1.570796
7.577814	13.911261	14.096060	1	0.965862	0.233503	-0.112190	0.240217	-0.969410	0.050413	-0.096988	-0.075642	-0.992407	10 1.570796
10.571240	18.682018	25.845483	1	-0.468297	0.733950	0.491948	0.218378	0.635641	-0.740453	-0.856158	-0.239321	-0.457949	10 1.570796
23.966524	22.564730	3.750093	1	0.235472	-0.667882	0.706035	0.631293	-0.447229	-0.633606	0.738934	0.594911	0.316319	10 1.570796
11.113066	11.898493	12.991617	1	-0.414108	-0.284603	0.864590	0.360357	0.820992	0.442850	-0.835859	0.494949	-0.237421	10 1.570796
20.149145	23.931944	17.811312	1	0.820535	0.564696	0.088541	0.431726	-0.510748	-0.743471	-0.374613	0.648271	-0.662880	10 1.570796
21.061499	7.141771	14.560102	1	-0.454569	0.158313	0.876529	-0.511233	-0.852218	-0.111205	0.729387	-0.498663	0.468327	10 1.570796
17.133924	4.898863	22.208509	1	0.077423	0.942218	-0.325936	-0.844641	-0.111702	-0.523547	-0.529704	0.315832	0.787188	10 1.570796
14.028448	18.192862	0.567879	1	0.652857	0.379923	-0.655315	0.198201	-0.920661	-0.336301	-0.731092	0.089672	-0.676361	10 1.570796
4.800346	19.732069	15.572287	1	0.144229	-0.767617	0.624470	0.654733	0.547210	0.521428	-0.741973	0.333655	0.581508	10 1.570796
18.329992	16.007776	3.381119	1	-0.624673	0.504398	0.596126	-0.740407	-0.139975	-0.657424	-0.248160	-0.852050	0.460898	10 1.570796
14.220623	23.146805	12.280594	1	0.884021	-0.023484	0.466860	-0.467133	-0.081162	0.880453	0.017215	-0.996425	-0.082723	10 1.570796
16.361166	25.937891	11.407442	1	0.143152	0.774649	-0.615977	-0.927605	-0.111968	-0.356382	-0.345042	0.622403	0.702541	10 1.570796
3.612537	2.613695	18.216291	1	0.580267	-0.400985	-0.708872	0.016093	-0.864580	0.502235	-0.814267	-0.302838	-0.495235	10 1.570796
18.720243	20.558947	24.115606	1	-0.427229	0.888934	-0.165137	-0.529241	-0.393957	-0.751467	-0.733061	-0.233650	0.638771	10 1.570796
14.878965	9.616930	20.788996	1	-0.002131	-0.597675	-0.801736	0.651983	0.607073	-0.454294	0.758229	-0.523687	0.388381	10 1.570796
20.536470	16.180227	25.134562	1	0.725907	0.571131	-0.383232	0.298424	-0.763551	-0.572657	-0.619678	0.301329	-0.724707	10 1.570796
24.768896	14.898676	20.904013	1	-0.806446	-0.053168	-0.588909	0.298780	-0.896095	-0.328244	-0.510267	-0.440665	0.738539	10 1.570796
24.151602	5.855982	11.020830	1	0.939069	-0.289469	-0.185356	0.276759	0.316953	0.907163	-0.203844	-0.903189	0.377754	10 1.570796
15.405928	16.368265	21.352957	1	-0.834943	-0.212130	-0.507808	-0.137937	0.973937	-0.180050	0.532767	-0.080287	-0.842445	10 1.570796
24.772680	20.093813	11.886892	1	0.721788	0.670911	0.170004	0.650631	-0.573980	-0.497219	-0.236010	0.469496	-0.850806	10 1.570796
11.184061	1.843433	1.559021	1	-0.363491	-0.146869	-0.919947	-0.657882	0.739642	0.141860	0.659596	0.656781	-0.365477	10 1.570796
4.555559	20.729204	1.484163	1	0.978540	0.020175	-0.205068	0.192975	0.259221	0.946342	0.072250	-0.965606	0.249766	10 1.570796
0.892096	25.232145	2.717508	1	0.746935	-0.644433	0.163695	0.523768	0.721936	0.452187	-0.409582	-0.252016	0.876773	10 1.570796
4.761078	21.955347	8.053320	1	-0.401575	-0.873461	0.275322	0.090162	-0.336873	-0.937222	0.911377	-0.351542	0.214032	10 1.570796
18.735346	9.840528	21.171618	1	0.215156	-0.971695	-0.097547	-0.817389	-0.124526	-0.562467	0.534401	0.200752	-0.821044	10 1.570796
4.772919	25.940069	8.879492	1	0.687466	0.523027	0.503819	-0.091427	0.750570	-0.654433	-0.720439	0.403841	0.563810	10 1.570796
4.956404	1.165281	3.419275	1	-0.886952	-0.340651	0.311886	-0.318796	-0.037080	-0.947098	0.334194	-0.939460	-0.075710	10 1.570796
13.261282	12.641279	7.786810	1	-0.234805	-0.816272	0.527794	-0.940685	0.327616	0.088192	-0.244902	-0.475779	-0.844782	10 1.570796
15.541254	7.940077	3.410925	1	-0.902158	0.122846	-0.413547	0.227947	-0.678122	-0.698706	-0.366268	-0.724608	0.583771	10 1.570796
11.120047	5.014750	9.844313	1	-0.900863	0.275886	-0.335158	0.027517	0.806813	0.590165	0.433229	0.522439	-0.734419	10 1.570796
13.472548	14.055666	9.687098	1	-0.011193	-0.155811	-0.987723	-0.934802	-0.349046	0.065657	-0.354991	0.924061	-0.141746	10 1.570796
5.160017	23.074869	8.756617	1	0.969463	-0.041167	0.241762	-0.181948	0.540243	0.821606	-0.164434	-0.840501	0.516255	10 1.570796
7.290110	14.320078	21.317976	1	0.246350	-0.424702	0.871171	0.904273	-0.222699	-0.364277	0.348719	0.877516	0.329184	10 1.570796
13.295654	25.929807	12.100171	1	-0.994176	-0.086576	-0.064190	0.059009	-0.935636	0.347998	-0.090188	0.342182	0.935296	10 1.570796
21.280005	14.563967	7.430891	1	-0.809868	-0.476884	0.341610	0.089939	-0.676401	-0.731021	0.579678	-0.561307	0.590685	10 1.570796
0.170494	21.890047	7.769297	1	-0.350392	-0.913947	-0.204759	0.464566	0.020235	-0.885307	0.813267	-0.405330	0.417500	10 1.570796
18.427782	0.554567	4.131392	1	-0.570276	0.820156	0.046178	-0.795194	-0.565270	0.219395	0.206041	0.088394	0.974544	10 1.570796
2.022373	22.974211	2.650341	1	-0.009945	-0.048796	-0.998760	-0.682195	-0.729935	0.042455	-0.731101	0.681771	-0.026029	10 1.570796
25.551188	14.398996	11.047144	1	0.283154	-0.078630	0.955847	0.807813	-0.517667	-0.281884	0.516974	0.851961	-0.083061	10 1.570796
13.700563	9.173979	23.653452	1	-0.147592	0.871979	0.466762	0.772505	-0.193069	0.604950	0.617620	0.449861	-0.645114	10 1.570796
22.702444	17.921526	11.488573	1	-0.574853	-0.295453	-0.763055	0.120817	0.891667	-0.436269	0.809288	-0.342981	-0.476883	10 1.570796
4.422009	8.544323	6.365457	1	-0.746775	0.603773	-0.278898	-0.502939	-0.238275	0.830831	0.435179	0.760713	0.481598	10 1.570796
4.719902	20.675688	0.029570	1	0.594453	0.122832	0.794693	0.231773	-0.972498	-0.023057	0.770005	0.197893	-0.606573	10 1.570796
11.147047	24.417978	19.951952	1	-0.609038	-0.610213	-0.506669	-0.378782	0.785033	-0.490151	0.696849	-0.106605	-0.709252	10 1.570796
1.177197	18.899065	4.156557	1	0.846681	0.461429	-0.264976	-0.531012	0.764540	-0.365382	0.033987	0.450068	0.892347	10 1.570796
1.920689	17.488459	17.346102	1	0.220067	-0.610619	-0.760735	-0.109320	-0.790379	0.602789	-0.969339	-0.049489	-0.240688	10 1.570796
7.937326	14.290636	17.289186	1	-0.175535	0.778172	0.603023	-0.129893	-0.625485	0.769348	0.975867	0.056720	0.210873	10 1.570796
4.050690	7.785063	16.932440	1	0.106326	0.371306	-0.922403	0.989744	0.049484	0.134008	0.095403	-0.927192	-0.362238	10 1.570796
21.301653	8.976377	0.874334	1	0.106176	-0.281894	-0.953552	0.012698	0.959279	-0.282174	0.994266	0.017852	0.105430	10 1.570796
24.220289	19.044271	16.324408	1	0.147963	0.227518	0.962466	0.660933	-0.746699	0.074903	0.735713	0.625041	-0.260858	10 1.570796
23.199156	17.243055	21.227144	1	0.903193	-0.416382	-0.104239	-0.362972	-0.870533	0.332303	-0.229109	-0.262297	-0.937395	10 1.570796
12.101427	7.474730	14.641466	1	-0.700536	-0.179393	0.690701	-0.288715	0.956385	-0.044427	-0.652605	-0.230539	-0.721775	10 1.570796
1.120062	14.007277	6.961786	1	0.870497	0.396111	-0.292114	0.402518	-0.231435	0.885672	0.283221	-0.888556	-0.360907	10 1.570796
2.242874	0.518534	4.074486	1	-0.286135	0.805410	0.519076	0.723037	-0.173994	0.668539	0.628764	0.566602	-0.532556	10 1.570796
15.751245	19.335325	5.638031	1	-0.397161	0.034806	-0.917088	0.794071	-0.487968	-0.362407	-0.460123	-0.872168	0.166163	10 1.570796
3.229565	18.688246	13.377420	1	0.348373	-0.275250	0.896032	-0.458520	0.783702	0.419012	-0.817554	-0.556822	0.146811	10 1.570796
21.408876	2.289978	20.978082	1	-0.314919	0.228160	0.921288	0.621312	-0.684235	0.381831	0.717496	0.692651	0.073720	10 1.570796
16.964979	11.661730	8.435264	1	-0.710174	0.401103	-0.578591	-0.696297	-0.278720	0.661427	0.104036	0.872600	0.477227	10 1.570796
23.129545	23.161158	1.115921	1	-0.572106	0.398102	-0.717083	-0.172427	-0.913142	-0.369378	-0.801849	-0.087678	0.591058	10 1.570796
13.929049	19.207434	22.808989	1	0.832838	-0.524400	0.177164	0.494495	0.561076	-0.663827	0.248710	0.640466	0.726599	10 1.570796
1.861057	9.847082	9.077688	1	-0.944413	-0.198617	-0.261982	-0.328750	0.576323	0.748180	0.002385	0.792721	-0.609582	10 1.570796
4.011772	24.779585	8.860205	1	0.094795	0.093223	-0.991122	-0.959763	0.272912	-0.066124	0.264324	0.957509	0.115343	10 1.570796
11.295085	14.235956	14.333543	1	-0.125547	0.901719	-0.413693	-0.736785	0.194498	0.647548	0.664368	0.386101	0.639956	10 1.570796
15.905737	14.290213	14.398088	1	-0.242555	0.878995	-0.410528	-0.361242	-0.474569	-0.802678	-0.900374	-0.046391	0.432639	10 1.570796
24.144144	25.389391	17.818396	1	0.013030	0.756409	0.653968	0.850374	0.335673	-0.405199	-0.526016	0.561399	-0.638857	10 1.570796
14.390486	23.296148	3.488886	1	0.537640	-0.028674	-0.842688	0.035315	-0.997779	0.056483	-0.842435	-0.060127	-0.535432	10 1.570796
1.707380	1.044069	8.091303	1	0.724877	-0.237367	-0.646692	0.672836	0.042540	0.738565	-0.147802	-0.970488	0.190547	10 1.570796
17.135084	8.118055	5.931978	1	0.174250	-0.859435	-0.480634	-0.437635	-0.504838	0.744053	-0.882107	0.080693	-0.464089	10 1.570796
13.465582	0.815725	11.448889	1	0.208005	0.956724	-0.203503	0.949649	-0.147692	0.276321	0.234309	-0.250732	-0.939272	10 1.570796
20.430059	11.088526	15.272089	1	-0.179502	0.511394	0.840389	0.964642	0.259088	0.048381	-0.192993	0.819360	-0.539819	10 1.570796
15.247576	16.074911	23.891756	1	0.796560	-0.589233	-0.135266	0.583097	0.807891	-0.085498	0.159658	-0.010768	0.987114	10 1.570796
4.013275	25.648153	21.037214	1	0.277747	-0.704431	0.653174	0.197553	0.707275	0.678775	-0.940122	-0.059492	0.335606	10 1.570796
2.098837	8.105101	7.555613	1	0.750777	0.609647	-0.254293	0.629200	-0.542823	0.556281	0.201099	-0.577646	-0.791130	10 1.570796
25.572100	19.458513	0.450764	1	0.724900	0.681647	0.099398	0.685185	-0.728367	-0.002037	0.071010	0.069584	-0.995045	10 1.570796
18.498209	4.710556	4.450943	1	-0.219944	0.193369	0.956156	-0.510678	-0.857944	0.056036	0.831164	-0.475962	0.287449	10 1.570796
2.320038	13.129892	10.680738	1	-0.865433	0.152111	0.477379	-0.349729	0.498870	-0.792980	-0.358770	-0.853224	-0.378542	10 1.570796
14.964361	21.081545	14.088560	1	0.037692	-0.996258	0.077789	0.980111	0.021680	-0.197263	0.194839	0.083676	0.977259	10 1.570796
20.037989	11.715960	13.545794	1	-0.672825	0.458834	-0.580324	-0.323750	0.522717	0.788640	0.665201	0.718497	-0.203150	10 1.570796
24.366731	25.682675	1.689327	1	0.359347	-0.544862	0.757624	-0.901046	0.008706	0.433635	-0.242870	-0.838479	-0.487818	10 1.570796
15.117876	10.215456	8.770288	1	-0.068496	-0.603202	0.794642	-0.013999	0.797015	0.603796	-0.997553	0.030233	-0.063038	10 1.570796
21.489004	21.158022	10.998632	1	0.609395	-0.120872	0.783598	0.681984	-0.424170	-0.595799	0.404394	0.897479	-0.176055	10 1.570796
23.696238	10.974375	5.905138	1	-0.695013	0.555789	-0.456131	0.120510	0.715469	0.688172	0.708827	0.423319	-0.564239	10 1.570796
6.290327	11.949785	5.389095	1	0.534726	0.529257	0.658753	-0.788932	0.591973	0.164790	-0.302748	-0.607827	0.734091	10 1.570796
23.841864	17.668528	9.461348	1	-0.877783	0.478929	-0.011046	-0.450656	-0.817702	0.358150	0.162497	0.319357	0.933597	10 1.570796
5.484550	15.842722	20.408907	1	-0.700180	0.448788	-0.555281	-0.700281	-0.583233	0.411637	-0.139120	0.677073	0.722649	10 1.570796
17.967604	4.201521	16.003485	1	-0.330103	0.905640	-0.266170	0.692916	0.041001	-0.719850	-0.641015	-0.422059	-0.641067	10 1.570796
6.061338	17.255056	16.555140	1	-0.062757	0.684417	-0.726383	0.992319	-0.034950	-0.118664	-0.106602	-0.728253	-0.676968	10 1.570796
2.506172	16.950983	13.401484	1	-0.798499	0.401380	-0.448657	0.236995	0.894694	0.378623	0.553383	0.196001	-0.809538	10 1.570796
19.715653	15.547938	9.201237	1	0.399734	0.823798	0.401959	0.843057	-0.158279	-0.514005	-0.359815	0.544338	-0.757780	10 1.570796
4.171053	10.520651	13.883730	1	-0.066701	-0.544172	-0.836317	0.779312	0.495005	-0.384242	0.623076	-0.677382	0.391063	10 1.570796
3.143274	12.771105	0.134434	1	-0.765359	-0.530779	-0.364005	0.617657	-0.446773	-0.647220	0.180904	-0.720186	0.669779	10 1.570796
11.848360	13.940130	19.116873	1	-0.487698	-0.796677	0.357006	-0.745641	0.592812	0.304289	-0.454058	-0.117796	-0.883152	10 1.570796
14.145247	21.649233	8.380850	1	0.510930	-0.404668	0.758417	-0.581032	0.487638	0.651620	-0.633521	-0.773597	0.014023	10 1.570796
20.095774	21.282736	10.185781	1	-0.097007	0.204237	0.974103	0.871571	0.490013	-0.015941	-0.480577	0.847452	-0.225541	10 1.570796
17.226583	9.098776	10.207815	1	-0.282067	-0.728610	0.624150	0.951962	-0.131735	0.276430	-0.119188	0.672139	0.730768	10 1.570796
11.427515	7.059160	10.620385	1	-0.195619	-0.469763	-0.860846	-0.044137	-0.872700	0.486262	-0.979687	0.133116	0.149983	10 1.570796
1.043474	23.542624	8.895590	1	0.181014	0.206289	0.961602	0.233841	0.940686	-0.245820	-0.955275	0.269359	0.122039	10 1.570796
23.531626	9.882902	20.127760	1	0.521353	0.849289	0.083062	-0.721813	0.490820	-0.487938	-0.455169	0.194431	0.868918	10 1.570796
25.932055	25.020689	6.568148	1	-0.764060	-0.348110	0.543167	0.337722	-0.933174	-0.123000	0.549688	0.089461	0.830566	10 1.570796
10.739324	17.688620	7.570296	1	0.928401	0.288918	-0.233667	0.122189	0.356497	0.926273	0.350918	-0.888503	0.295669	10 1.570796
11.060015	7.028093	7.997419	1	0.952532	-0.220530	-0.209872	-0.041273	-0.776567	0.628682	-0.301625	-0.590178	-0.748807	10 1.570796
2.598364	20.249197	18.234781	1	-0.825037	0.466126	0.319434	0.447941	0.194886	0.872564	0.344471	0.862987	-0.369584	10 1.570796
16.577810	21.943209	11.695318	1	0.922438	-0.385700	-0.018615	-0.238925	-0.607953	0.757172	-0.303358	-0.693995	-0.652951	10 1.570796
8.627417	22.978109	2.820736	1	0.566232	-0.739068	-0.364910	0.102255	-0.376313	0.920832	-0.817879	-0.558719	-0.137507	10 1.570796
1.722929	12.277197	0.391432	1	0.712736	-0.672393	-0.199738	-0.408097	-0.629109	0.661573	-0.570494	-0.390015	-0.722789	10 1.570796
13.984381	20.309874	20.359369	1	-0.343344	-0.930211	0.129699	-0.773326	0.358362	0.523013	-0.532991	0.079274	-0.842398	10 1.570796
0.052235	23.713373	11.546644	1	-0.593419	-0.215165	0.775601	0.740081	-0.524698	0.420682	0.316441	0.823648	0.470606	10 1.570796
26.016470	15.410566	8.141790	1	-0.124933	-0.737156	0.664073	-0.398626	-0.575624	-0.713971	0.908564	-0.353914	-0.221935	10 1.570796
23.797588	1.004027	24.301033	1	-0.846241	-0.157606	-0.508956	-0.464000	-0.251522	0.849377	-0.261881	0.954932	0.139720	10 1.570796
20.873030	0.732775	19.720034	1	-0.889590	-0.451799	-0.067126	0.407308	-0.718156	-0.564229	0.206711	-0.529271	0.822888	10 1.570796
23.180151	25.149172	22.007833	1	-0.615012	0.400605	-0.679173	0.232955	-0.730571	-0.641868	-0.753320	-0.552975	0.355987	10 1.570796
2.289667	9.884829	11.019091	1	-0.287711	-0.777462	0.559263	-0.562050	-0.335750	-0.755891	0.775448	-0.531814	-0.340372	10 1.570796
6.747591	0.543962	17.792250	1	0.374164	-0.927327	0.008030	-0.274839	-0.102615	0.955998	-0.885702	-0.359907	-0.293262	10 1.570796
12.877745	8.952890	15.178934	1	-0.476234	-0.424040	0.770318	0.562412	-0.820310	-0.103858	0.675938	0.383776	0.629145	10 1.570796
2.318399	14.492762	10.825487	1	0.856525	0.131050	-0.499190	-0.509820	0.064370	-0.857868	-0.080294	0.989284	0.121946	10 1.570796
20.883909	12.392973	10.467638	1	-0.043186	0.553678	0.831611	-0.953321	0.226156	-0.200081	-0.298854	-0.801432	0.518067	10 1.570796
15.257116	16.778254	9.027697	1	0.838923	-0.542948	-0.037639	0.534451	0.808783	0.245426	-0.102811	-0.226010	0.968685	10 1.570796
25.338011	11.871878	16.872023	1	-0.011766	-0.980930	-0.194007	-0.763680	0.134063	-0.631521	0.645487	0.140731	-0.750694	10 1.570796
11.193125	0.886065	13.632341	1	0.204435	-0.974905	-0.088141	-0.054031	-0.101143	0.993404	-0.977388	-0.198324	-0.073352	10 1.570796
2.260006	9.553209	22.288992	1	0.810671	0.562746	-0.161647	-0.574676	0.817601	-0.035701	0.112071	0.121835	0.986203	10 1.570796
12.727606	19.476571	7.880503	1	-0.049576	0.671458	0.739382	-0.573719	0.586826	-0.571386	-0.817550	-0.452525	0.356135	10 1.570796
18.730047	2.126209	11.174616	1	-0.674306	0.688674	-0.266537	-0.366790	0.000917	0.930303	0.640920	0.725071	0.251979	10 1.570796
17.958807	1.607452	12.849474	1	0.995461	-0.083009	-0.046538	-0.050431	-0.874873	0.481722	-0.080701	-0.477187	-0.875087	10 1.570796
23.875711	5.298189	20.649176	1	-0.797275	0.120091	0.591548	0.390420	-0.644815	0.657107	0.460350	0.754846	0.467208	10 1.570796
18.997404	12.573919	24.821760	1	-0.943550	-0.249260	-0.218137	0.323650	-0.553708	-0.767241	0.070460	-0.794529	0.603123	10 1.570796
15.859549	0.683865	2.920305	1	-0.228051	-0.853961	0.467698	-0.677046	0.484295	0.554137	-0.699715	-0.190284	-0.688615	10 1.570796
15.017847	18.401339	25.712473	1	0.324492	-0.284873	-0.901972	0.463538	-0.783327	0.414163	-0.824522	-0.552490	-0.122135	10 1.570796
25.947668	10.211260	12.979601	1	0.543993	0.824792	-0.154237	-0.746266	0.559606	0.360457	0.383613	-0.080984	0.919935	10 1.570796
3.583340	10.159990	25.404749	1	0.232493	-0.969675	-0.075339	0.860150	0.168838	0.481288	-0.453974	-0.176699	0.873318	10 1.570796
12.688681	24.468729	4.589672	1	0.374445	0.109116	-0.920807	0.567338	0.758516	0.320594	0.733429	-0.642452	0.222118	10 1.570796
2.871323	8.652937	16.420748	1	-0.457115	0.528814	-0.715125	0.726927	0.685419	0.042191	0.512472	-0.500557	-0.697723	10 1.570796
16.534067	4.183170	9.222204	1	-0.739717	0.040532	-0.671697	0.650048	-0.214984	-0.728848	-0.173947	-0.975776	0.132681	10 1.570796
1.374567	14.736536	19.855169	1	-0.514018	-0.762103	0.393680	-0.473692	0.634819	0.610426	-0.715124	0.127288	-0.687311	10 1.570796
7.663034	0.628056	22.669630	1	0.274005	-0.662345	0.697296	-0.870174	0.138008	0.473024	-0.409537	-0.736376	-0.538540	10 1.570796
1.922852	23.535177	19.086096	1	-0.168110	0.293705	0.940996	-0.794401	-0.605563	0.047088	0.583664	-0.739615	0.335121	10 1.570796
3.980482	20.857725	21.659777	1	0.900254	-0.034547	-0.433993	-0.321471	0.619494	-0.716158	0.293598	0.784241	0.546598	10 1.570796
5.930166	18.790274	16.464872	1	-0.253588	0.735069	-0.628778	0.244380	0.677626	0.693615	0.935934	0.022232	-0.351474	10 1.570796
11.475256	9.991232	7.865404	1	0.132335	0.500541	-0.855539	-0.584278	0.736625	0.340593	0.800692	0.454801	0.389936	10 1.570796
25.381716	0.876621	14.562914	1	0.113682	0.828053	-0.549003	-0.392964	0.544998	0.740644	0.912500	0.131541	0.387350	10 1.570796
14.748529	4.767277	11.079996	1	-0.108390	0.910661	-0.398684	-0.156962	0.380339	0.911429	0.981640	0.161368	0.101715	10 1.570796
15.430948	10.709024	0.042934	1	0.215797	-0.845672	-0.488131	-0.811542	0.122660	-0.571277	0.542985	0.519417	-0.659826	10 1.570796
8.532263	12.977900	12.971220	1	-0.756148	0.584864	0.293553	0.090479	-0.350839	0.932054	0.648115	0.731332	0.212368	10 1.570796
16.679076	0.959351	19.488787	1	-0.593192	0.509151	-0.623608	0.668195	0.743435	-0.028621	0.449040	-0.433671	-0.781214	10 1.570796
19.865595	11.044561	6.213099	1	0.618184	-0.242372	-0.747731	0.129914	-0.906684	0.401305	-0.775223	-0.345219	-0.529011	10 1.570796
17.016352	23.802950	9.801939	1	0.868184	-0.244589	-0.431777	0.360163	-0.287987	0.887325	-0.341376	-0.925872	-0.161933	10 1.570796
10.767286	16.383852	13.927885	1	-0.906196	0.241297	0.347252	0.418313	0.391482	0.819607	0.061827	0.887985	-0.455697	10 1.570796
10.009321	18.649439	19.209810	1	-0.871162	-0.249275	-0.423010	-0.294773	0.954527	0.044573	0.392664	0.163522	-0.905027	10 1.570796
5.725899	5.087084	1.224655	1	0.489997	-0.865607	0.103076	-0.473198	-0.164815	0.865400	-0.732111	-0.472818	-0.490364	10 1.570796
8.874697	1.782215	18.004744	1	-0.264625	0.962136	-0.065335	-0.891269	-0.269879	-0.364424	-0.368258	-0.038205	0.928938	10 1.570796
8.305731	15.227812	4.921986	1	0.028613	0.697798	0.715724	0.600426	0.560454	-0.570420	-0.799169	0.446062	-0.402941	10 1.570796
14.568415	10.808100	4.608744	1	0.329802	0.551734	-0.766042	0.650414	0.455336	0.607972	0.684246	-0.698754	-0.208686	10 1.570796
4.230459	10.476336	6.339006	1	-0.550931	0.273266	-0.788543	0.622668	-0.494517	-0.606414	-0.555661	-0.825092	0.102291	10 1.570796
17.850909	13.437373	8.129672	1	0.937975	0.298230	0.176799	-0.338759	0.896876	0.284351	-0.073764	-0.326607	0.942278	10 1.570796
22.058043	17.849241	19.981688	1	0.501826	0.678758	0.536149	-0.849581	0.503185	0.158169	-0.162423	-0.534877	0.829173	10 1.570796
