8000
0.0	0.0	0.0
26.106111	0.000000	0.000000	
0.000000	26.106111	0.000000	
0.000000	0.000000	26.106111	
3.355011	8.057215	6.304716	1	-0.971771	-0.047679	0.231055	-0.071502	-0.873779	-0.481037	0.224827	-0.483981	0.845705	10 1.570796
17.653049	11.780837	9.905746	1	0.603622	-0.483983	-0.633562	-0.158287	-0.851594	0.499734	-0.781402	-0.201365	-0.590649	10 1.570796
14.642937	18.275489	4.267878	1	-0.968610	0.168877	-0.182414	-0.227311	-0.304679	0.924933	0.100622	0.937364	0.333502	10 1.570796
1.682870	22.453236	8.585990	1	-0.963212	0.268465	-0.012145	0.212539	0.733343	-0.645783	-0.164464	-0.624608	-0.763423	10 1.570796
13.502677	4.575500	0.738567	1	-0.125988	-0.991963	-0.011733	0.921556	-0.121406	0.368778	-0.367237	0.035648	0.929445	10 1.570796
19.448510	12.989657	7.027167	1	-0.413040	0.507909	0.755929	-0.161464	0.776051	-0.609651	-0.896284	-0.373867	-0.238532	10 1.570796
13.022431	11.484676	11.314865	1	0.492182	-0.707865	-0.506640	0.799822	0.597453	-0.057748	0.343570	-0.376799	0.860223	10 1.570796
1.231884	25.612352	0.976223	1	-0.248616	-0.223832	-0.942385	0.772994	-0.632130	-0.053786	-0.583670	-0.741829	0.330178	10 1.570796
8.202853	17.942802	23.435708	1	-0.352066	-0.932693	0.078306	0.347733	-0.208016	-0.914226	0.868982	-0.294637	0.397564	10 1.570796
10.025572	23.887739	5.882853	1	0.996424	-0.050216	0.067955	0.084069	0.508447	-0.856979	0.008483	0.859627	0.510850	10 1.570796
25.324139	16.409690	7.625831	1	0.095341	-0.907042	0.410106	-0.289394	-0.419444	-0.860417	0.952451	-0.036649	-0.302482	10 1.570796
5.124660	13.486593	1.787951	1	0.462688	-0.648001	-0.604992	-0.559032	0.316383	-0.766411	0.688044	0.692819	-0.215867	10 1.570796
19.142580	19.010609	3.339543	1	-0.483210	0.308846	-0.819220	0.660102	0.743200	-0.109170	0.575127	-0.593521	-0.562991	10 1.570796
9.363104	8.485544	18.769552	1	0.506885	0.775764	0.375844	-0.437139	0.607113	-0.663568	-0.742952	0.172056	0.646853	10 1.570796
4.871964	24.322494	21.643446	1	0.171625	-0.317794	-0.932497	-0.128700	-0.945664	0.298591	-0.976719	0.068766	-0.203201	10 1.570796
0.756739	12.295263	1.188990	1	-0.926890	-0.337541	-0.164132	0.365348	-0.711211	-0.600584	0.085989	-0.616641	0.782534	10 1.570796
12.403051	25.572168	12.179029	1	0.842959	-0.462425	0.274919	-0.045105	0.448476	0.892656	-0.536082	-0.764874	0.357190	10 1.570796
14.285023	14.242748	12.929124	1	-0.354896	0.815896	-0.456466	-0.764648	0.027611	0.643856	0.537923	0.577538	0.614074	10 1.570796
8.873261	12.034966	4.774026	1	0.622921	-0.729436	-0.282655	-0.232636	-0.517704	0.823324	-0.746893	-0.447110	-0.492182	10 1.570796
13.891780	12.062025	3.641759	1	-0.407207	0.877814	-0.252235	0.892328	0.441260	0.095075	0.194761	-0.186363	-0.962984	10 1.570796
0.125582	18.400998	5.846886	1	-0.362743	0.840622	-0.402210	0.281468	0.510282	0.812643	0.888366	0.181571	-0.421710	10 1.570796
9.969878	2.328050	3.149466	1	-0.053055	0.545555	-0.836395	-0.426381	-0.769759	-0.475045	-0.902985	0.331419	0.273454	10 1.570796
21.175419	12.648570	23.891814	1	-0.953296	-0.174607	-0.246456	0.116808	-0.965608	0.232287	-0.278541	0.192650	0.940904	10 1.570796
16.255766	14.751810	25.476744	1	0.312685	-0.483107	0.817824	0.624415	-0.544268	-0.560247	0.715775	0.685844	0.131475	10 1.570796
13.398668	2.141302	8.018320	1	-0.139403	0.609465	-0.780459	-0.989738	-0.060774	0.129327	0.031388	0.790479	0.611683	10 1.570796
18.525610	17.564249	6.423544	1	-0.553863	-0.720602	-0.417096	-0.107307	-0.434991	0.894017	-0.825664	0.539920	0.163599	10 1.570796
18.826662	2.253183	2.703541	1	-0.286690	0.464369	-0.837956	-0.295317	0.789241	0.538412	0.911371	0.401820	-0.089131	10 1.570796
20.804054	3.702583	1.050891	1	0.226664	-0.551911	-0.802507	0.209322	0.832302	-0.513282	0.951215	-0.051638	0.304181	10 1.570796
12.117808	15.925087	18.261376	1	0.762605	0.547973	0.343743	-0.422840	0.020139	0.905979	0.489530	-0.836253	0.247063	10 1.570796
23.107968	5.486597	25.982972	1	0.959799	0.118459	0.254465	0.270649	-0.630864	-0.727160	0.074394	0.766798	-0.637563	10 1.570796
14.207438	7.633215	1.747976	1	-0.423366	-0.593528	0.684460	0.905527	-0.300554	0.299481	0.027966	0.746586	0.664701	10 1.570796
10.124887	0.275312	4.347012	1	0.665957	-0.675061	0.317477	0.737918	0.533683	-0.413110	0.109444	0.509385	0.853551	10 1.570796
19.602287	15.958246	17.342318	1	-0.316176	0.882417	0.348382	-0.161127	-0.411834	0.896900	0.934916	0.227446	0.272395	10 1.570796
7.464304	4.284405	15.953711	1	-0.013561	0.115830	0.993176	-0.304217	-0.946658	0.106252	0.952506	-0.300702	0.048074	10 1.570796
25.928467	25.445219	16.440547	1	0.086460	-0.258781	-0.962058	-0.351745	-0.911413	0.213547	-0.932094	0.319936	-0.169825	10 1.570796
8.330724	12.693178	1.321366	1	0.434569	-0.488692	-0.756526	0.879581	0.049708	0.473144	-0.193616	-0.871041	0.451445	10 1.570796
6.788777	5.027487	12.131901	1	-0.963636	0.215159	-0.158460	-0.266677	-0.811931	0.519279	-0.016931	0.542653	0.839786	10 1.570796
25.244665	5.042023	2.439182	1	-0.219629	-0.811542	0.541444	-0.491591	0.571447	0.657106	-0.842674	-0.121851	-0.524453	10 1.570796
1.710085	7.973797	23.332985	1	0.225031	-0.591017	-0.774636	0.485841	0.757202	-0.436581	0.844582	-0.278105	0.457535	10 1.570796
4.838295	24.882926	7.720621	1	0.506718	0.811559	0.290876	-0.824028	0.555107	-0.113287	-0.253407	-0.182285	0.950030	10 1.570796
21.760229	7.541250	7.131922	1	-0.779654	0.622819	0.065075	-0.009198	0.092518	-0.995668	-0.626143	-0.776874	-0.066403	10 1.570796
21.104815	4.382915	6.793530	1	0.218903	-0.038807	0.974974	0.358994	-0.925919	-0.117457	0.907306	0.375722	-0.188755	10 1.570796
1.547281	25.870432	6.565222	1	-0.037845	0.141146	0.989266	-0.023080	0.989588	-0.142075	-0.999017	-0.028209	-0.034193	10 1.570796
7.873060	10.359476	15.936373	1	-0.972358	-0.123676	-0.198053	-0.226588	0.294972	0.928251	-0.056383	0.947469	-0.314841	10 1.570796
18.876596	4.981598	14.235624	1	0.201423	-0.601356	0.773176	-0.978692	-0.155709	0.133856	0.039896	-0.783660	-0.619906	10 1.570796
4.776634	2.568813	20.104353	1	-0.741935	0.188142	-0.643533	-0.569018	0.330959	0.752785	0.354614	0.924699	-0.138495	10 1.570796
23.854336	4.965397	16.750505	1	0.799014	-0.536746	0.271074	-0.596317	-0.765278	0.242394	0.077344	-0.355323	-0.931539	10 1.570796
7.579287	13.602229	2.419013	1	-0.042929	-0.184283	0.981935	-0.959836	-0.265145	-0.091723	0.277258	-0.946433	-0.165498	10 1.570796
4.078846	16.198339	15.477953	1	-0.104120	-0.804963	-0.584116	0.779163	0.298988	-0.550920	0.618113	-0.512483	0.596068	10 1.570796
16.938730	20.327795	21.259588	1	0.095445	0.309750	-0.946015	0.133797	-0.945722	-0.296156	-0.986403	-0.098308	-0.131708	10 1.570796
22.843418	14.927166	15.931596	1	0.987915	-0.116194	0.102578	0.154249	0.801872	-0.577244	-0.015182	0.586091	0.810104	10 1.570796
16.489719	6.818371	26.087035	1	0.986392	-0.074097	0.146763	-0.035964	0.773817	0.632387	-0.160427	-0.629061	0.760623	10 1.570796
1.268093	23.874389	20.149596	1	-0.751749	-0.188792	-0.631850	0.596520	-0.603156	-0.529494	-0.281140	-0.774957	0.566038	10 1.570796
2.786874	21.006667	5.718437	1	-0.634858	0.147824	0.758356	0.507153	-0.660746	0.553361	0.582880	0.735911	0.344511	10 1.570796
9.340631	25.241793	19.592833	1	0.095561	0.893939	-0.437884	0.501975	-0.423145	-0.754301	-0.859586	-0.147726	-0.489171	10 1.570796
24.107447	6.239277	8.332315	1	0.446316	0.886879	-0.119371	-0.671082	0.419953	0.610973	0.591989	-0.192579	0.782600	10 1.570796
23.360472	19.526430	0.588062	1	-0.391599	0.806814	0.442382	-0.228625	-0.551020	0.802564	0.891282	0.213143	0.400236	10 1.570796
1.372876	13.402531	17.797728	1	-0.666147	0.185043	-0.722502	0.408339	0.901127	-0.145697	0.624106	-0.392080	-0.675843	10 1.570796
23.324932	17.267596	1.187453	1	0.339517	-0.632810	0.695900	0.135788	0.765073	0.629464	-0.930746	-0.119219	0.345684	10 1.570796
24.595194	23.759642	9.164724	1	-0.448842	-0.439099	-0.778290	-0.402272	-0.678425	0.614750	-0.797946	0.589010	0.127868	10 1.570796
25.245162	6.313046	7.743687	1	0.337278	-0.904353	0.261510	0.367736	0.382282	0.847722	-0.866611	-0.189752	0.461498	10 1.570796
12.328548	7.452577	11.495827	1	-0.565599	-0.404516	0.718654	-0.777162	0.552984	-0.300382	-0.275895	-0.728406	-0.627143	10 1.570796
6.626882	11.851145	6.120806	1	-0.839163	-0.516235	-0.171190	0.310617	-0.196520	-0.929999	0.446455	-0.833596	0.325262	10 1.570796
1.056701	6.771304	7.080158	1	0.340402	0.663343	0.666409	-0.267960	-0.610910	0.744974	0.901290	-0.432163	-0.030205	10 1.570796
22.969973	5.290314	4.085766	1	-0.171002	-0.801621	0.572854	0.390165	-0.588983	-0.707721	0.904725	0.102485	0.413480	10 1.570796
17.999982	16.963827	25.009250	1	0.186193	-0.114189	0.975855	0.590618	-0.780726	-0.204045	0.785177	0.614350	-0.077924	10 1.570796
5.045784	21.419954	13.670839	1	0.277297	0.089108	-0.956642	0.261737	-0.965039	-0.014023	-0.924445	-0.246499	-0.290924	10 1.570796
24.154215	11.865946	12.232553	1	0.816766	0.555872	-0.154596	0.368343	-0.708599	-0.601840	-0.444093	0.434617	-0.783511	10 1.570796
1.669053	11.265295	25.002717	1	0.958965	-0.275433	0.067254	0.043259	0.376570	0.925378	-0.280206	-0.884495	0.373032	10 1.570796
5.456499	18.588984	24.764956	1	0.074064	0.956254	-0.283006	0.591695	0.186299	0.784339	0.802753	-0.225545	-0.552015	10 1.570796
6.614264	24.441900	24.412603	1	0.363689	-0.093162	-0.926850	0.337653	0.940506	0.037958	0.868172	-0.326759	0.373507	10 1.570796
3.113596	4.208047	5.208079	1	-0.304892	-0.918624	-0.251338	0.102288	-0.293961	0.950327	-0.946878	0.264038	0.183590	10 1.570796
25.027376	26.100918	24.969511	1	-0.538328	0.730633	0.419972	0.029796	-0.481531	0.875921	0.842207	0.484046	0.237452	10 1.570796
11.913347	22.935351	14.613747	1	0.385517	-0.873403	-0.297561	-0.819520	-0.472299	0.324531	-0.423986	0.118746	-0.897851	10 1.570796
6.804318	8.496494	11.149049	1	0.175357	-0.929476	0.324538	-0.036308	-0.335526	-0.941330	0.983834	0.153286	-0.092582	10 1.570796
15.477403	11.151314	9.209398	1	-0.553675	-0.775399	0.303646	0.798573	-0.391039	0.457569	-0.236061	0.495829	0.835721	10 1.570796
11.216524	5.572254	6.308072	1	0.432725	-0.318792	-0.843279	0.322867	-0.818546	0.475121	-0.841728	-0.477863	-0.251277	10 1.570796
24.807530	17.205084	23.238345	1	0.033189	0.393106	-0.918893	-0.617043	0.731317	0.290573	0.786228	0.557354	0.266835	10 1.570796
2.150543	14.838531	7.117127	1	0.168982	0.347571	-0.922302	0.351610	0.852930	0.385848	0.920769	-0.389493	0.021921	10 1.570796
13.626831	9.462145	14.980267	1	0.478070	0.852143	0.212846	-0.714791	0.236640	0.658084	0.510412	-0.466749	0.722235	10 1.570796
3.987473	26.026209	9.338278	1	0.887089	0.421978	0.187105	0.453720	-0.871678	-0.185240	0.084929	0.249218	-0.964717	10 1.570796
6.964493	8.401340	2.679434	1	0.328029	0.412594	-0.849801	-0.763218	0.645862	0.018970	0.556682	0.642362	0.526761	10 1.570796
6.644510	2.094833	25.929075	1	0.944094	-0.205374	0.257894	-0.304547	-0.243737	0.920784	-0.126247	-0.947846	-0.292657	10 1.570796
18.579657	21.743551	21.634291	1	0.361605	0.783454	0.505412	0.865357	-0.080281	-0.494685	-0.346987	0.616243	-0.706997	10 1.570796
12.673567	20.426104	4.570690	1	-0.444221	-0.879941	-0.168437	-0.201035	0.281113	-0.938382	0.873070	-0.382988	-0.301776	10 1.570796
7.691526	14.045916	9.553961	1	-0.008844	-0.761203	-0.648451	-0.693724	0.471713	-0.544273	0.720186	0.445036	-0.532237	10 1.570796
6.653429	16.211706	1.203959	1	-0.997597	-0.059879	0.034849	-0.033426	0.856575	0.514938	-0.060684	0.512536	-0.856520	10 1.570796
12.829721	12.474482	25.724161	1	-0.640654	-0.761360	0.099461	-0.420571	0.456329	0.784145	-0.642404	0.460535	-0.612555	10 1.570796
5.474706	16.939989	0.306585	1	0.431040	0.866118	0.253074	-0.032537	0.295203	-0.954880	-0.901746	0.403357	0.155425	10 1.570796
25.358755	10.074594	7.282198	1	0.738371	0.081197	-0.669489	-0.039236	-0.985872	-0.162841	-0.673252	0.146505	-0.724754	10 1.570796
14.704526	16.981413	15.509063	1	0.181880	-0.944475	0.273656	-0.836711	-0.002453	0.547637	-0.516558	-0.328576	-0.790701	10 1.570796
5.147829	9.909674	18.477327	1	0.081717	-0.238324	-0.967740	-0.582902	-0.799031	0.147556	-0.808423	0.552041	-0.204215	10 1.570796
23.724793	8.286125	4.994141	1	-0.682174	-0.634873	0.362733	0.022377	-0.513979	-0.857511	0.730848	-0.576854	0.364829	10 1.570796
23.584646	25.858282	16.465651	1	0.503964	0.762497	0.405732	0.592063	0.037051	-0.805039	-0.628874	0.645931	-0.432774	10 1.570796
5.889025	7.410471	5.070686	1	0.139526	-0.719378	-0.680461	-0.082097	-0.693221	0.716036	-0.986810	-0.044041	-0.155779	10 1.570796
10.817226	7.831743	24.973019	1	-0.828851	0.459760	0.318792	0.216962	-0.261077	0.940620	0.515687	0.848801	0.116645	10 1.570796
14.126223	0.923752	3.162331	1	0.519048	-0.016220	0.854592	0.369534	-0.897293	-0.241471	0.770737	0.441136	-0.459745	10 1.570796
23.191614	14.313718	1.152582	1	0.440387	0.786873	-0.432306	0.333937	-0.590528	-0.734685	-0.833392	0.179183	-0.522827	10 1.570796
7.223783	7.078325	11.130980	1	0.984658	0.149986	0.089198	0.135189	-0.332421	-0.933392	-0.110345	0.931129	-0.347595	10 1.570796
22.840296	6.120539	13.680338	1	-0.749494	-0.535087	-0.389795	-0.645775	0.720541	0.252576	0.145714	0.441024	-0.885588	10 1.570796
19.572250	1.775895	15.495368	1	0.370881	-0.665767	0.647456	-0.782353	-0.599629	-0.168431	0.500370	-0.444072	-0.743257	10 1.570796
5.306359	17.146695	7.570887	1	-0.309559	0.660111	-0.684416	-0.203722	-0.749101	-0.630354	-0.928801	-0.055701	0.366372	10 1.570796
4.589755	22.728828	21.143357	1	0.605477	0.099624	0.789603	0.547080	0.668463	-0.503847	-0.578016	0.737043	0.350237	10 1.570796
9.483300	18.733607	2.386583	1	0.586167	-0.793913	0.161589	0.020272	-0.185011	-0.982528	0.809937	0.579201	-0.092352	10 1.570796
17.879775	2.046975	18.203846	1	-0.258259	0.635937	-0.727245	0.068985	-0.738722	-0.670469	-0.963609	-0.223324	0.146912	10 1.570796
5.572706	20.678969	1.223912	1	0.980673	-0.097437	-0.169660	0.067726	-0.644492	0.761606	-0.183552	-0.758380	-0.625438	10 1.570796
1.185013	15.799667	17.800308	1	-0.700357	-0.211228	0.681824	-0.243888	0.968538	0.049536	-0.670835	-0.131596	-0.729837	10 1.570796
5.594357	1.220976	10.635366	1	-0.759039	0.563319	0.326389	-0.650605	-0.674730	-0.348500	0.023908	-0.476876	0.878645	10 1.570796
1.360868	23.660032	18.403772	1	-0.718474	0.309971	0.622667	-0.176679	-0.947178	0.267654	0.672742	0.082290	0.735287	10 1.570796
9.802286	24.908796	4.000320	1	-0.934519	0.304634	-0.184051	0.347677	0.891976	-0.288962	0.076143	-0.334031	-0.939482	10 1.570796
5.159735	25.243506	10.332635	1	-0.358305	0.810170	0.463941	-0.928899	-0.359192	-0.090144	0.093613	-0.463254	0.881269	10 1.570796
6.770077	25.990945	24.006603	1	0.383976	0.903342	-0.191140	0.860741	-0.275265	0.428200	0.334196	-0.328941	-0.883241	10 1.570796
12.990828	6.471106	9.535524	1	-0.299084	0.211891	0.930403	-0.591983	-0.805922	-0.006756	0.748401	-0.552802	0.366474	10 1.570796
25.784384	17.361006	10.652964	1	0.613303	0.567034	0.549847	0.429820	-0.823640	0.369961	0.662657	0.009436	-0.748863	10 1.570796
10.645983	8.344416	13.050585	1	0.172405	0.965915	0.193097	0.960978	-0.207984	0.182389	0.216335	0.154116	-0.964078	10 1.570796
17.381815	10.451788	25.660234	1	-0.238600	0.105486	0.965371	0.627011	0.775841	0.070195	-0.741571	0.622048	-0.251256	10 1.570796
8.659983	16.954870	9.973764	1	0.670018	-0.649905	0.358748	-0.654378	-0.288887	0.698809	-0.350520	-0.702972	-0.618842	10 1.570796
20.407827	8.279207	16.088449	1	-0.383714	0.706332	0.594861	-0.657905	0.242935	-0.712841	-0.648015	-0.664889	0.371481	10 1.570796
8.632587	21.304517	1.034980	1	0.922918	-0.062431	0.379902	-0.351537	0.265701	0.897675	-0.156983	-0.962031	0.223276	10 1.570796
9.519167	19.471041	24.314943	1	0.239956	0.514475	-0.823248	0.161290	0.815109	0.556401	0.957291	-0.266294	0.112611	10 1.570796
13.431969	16.093611	19.622699	1	0.793595	-0.443699	0.416340	-0.608407	-0.586478	0.534681	0.006937	-0.677624	-0.735374	10 1.570796
7.266127	23.898001	0.644102	1	0.940505	0.333005	-0.067516	-0.335944	0.941119	-0.037887	0.050924	0.058313	0.996997	10 1.570796
4.267160	10.811928	24.944815	1	-0.115855	-0.344313	0.931679	-0.705903	0.688429	0.166638	-0.698771	-0.638369	-0.322810	10 1.570796
25.497278	23.207758	8.697344	1	0.768535	-0.581091	-0.267744	0.478886	0.244934	0.843016	-0.424289	-0.776107	0.466515	10 1.570796
15.279608	19.318321	24.229527	1	0.360633	-0.929279	0.079899	0.902478	0.369296	0.221706	-0.235533	-0.007847	0.971834	10 1.570796
3.778499	0.814884	1.391473	1	0.354611	0.557384	-0.750716	-0.416125	0.813077	0.407122	0.837312	0.168020	0.520267	10 1.570796
12.332335	14.655939	1.175859	1	0.384655	0.606371	0.695955	0.802246	-0.592531	0.072856	0.456551	0.530305	-0.714379	10 1.570796
14.604193	16.419558	2.209454	1	-0.900231	0.370916	-0.228044	0.267304	0.884229	0.382999	0.343703	0.283831	-0.895158	10 1.570796
9.190242	6.056411	13.766580	1	0.991852	-0.000402	0.127393	0.039141	0.952583	-0.301750	-0.121230	0.304278	0.944838	10 1.570796
8.246161	2.008705	25.817572	1	0.886443	-0.431150	-0.168300	0.461237	0.792715	0.398578	-0.038432	-0.430944	0.901560	10 1.570796
7.761320	5.838482	16.657011	1	-0.934091	0.177407	-0.309842	0.333540	0.123978	-0.934548	-0.127382	-0.976297	-0.174978	10 1.570796
0.878912	21.156332	20.348467	1	0.820033	-0.396572	0.412648	0.446659	-0.007340	-0.894673	0.357832	0.917974	0.171113	10 1.570796
8.758179	25.695561	13.465205	1	-0.696437	0.318245	0.643191	0.717589	0.316842	0.620224	-0.006406	0.893494	-0.449032	10 1.570796
1.549301	6.871732	9.307386	1	0.690768	-0.149314	-0.707492	0.385080	-0.752186	0.534722	-0.612008	-0.641810	-0.462087	10 1.570796
17.010306	0.354945	25.618690	1	0.256063	0.883416	-0.392441	-0.931752	0.117447	-0.343574	-0.257429	0.453632	0.853200	10 1.570796
22.093519	3.673050	7.758108	1	-0.052349	-0.636637	0.769383	-0.658932	0.600939	0.452420	-0.750381	-0.483287	-0.450959	10 1.570796
24.304647	18.305402	0.605205	1	0.124795	-0.748490	-0.651297	0.511893	-0.513746	0.688498	-0.849936	-0.419315	0.319034	10 1.570796
3.122585	24.166835	21.552649	1	-0.710651	0.699150	0.078516	0.556862	0.627179	-0.544564	-0.429976	-0.343272	-0.835034	10 1.570796
21.014490	20.032735	0.445032	1	0.599319	0.174315	0.781301	0.738369	0.256658	-0.623649	-0.309239	0.950653	0.025111	10 1.570796
6.124464	10.342661	14.489237	1	-0.062290	-0.987399	0.145471	0.174553	0.132729	0.975662	-0.982676	0.086165	0.164086	10 1.570796
7.738274	18.075323	24.599512	1	-0.925885	0.259161	-0.274903	-0.182269	-0.943768	-0.275826	-0.330928	-0.205278	0.921058	10 1.570796
1.793897	10.114069	4.303881	1	0.192334	0.931295	-0.309349	0.899082	-0.040899	0.435866	0.393268	-0.361964	-0.845176	10 1.570796
12.500875	21.000479	23.579325	1	-0.159157	0.040160	-0.986437	-0.091191	-0.995499	-0.025816	-0.983033	0.085846	0.162102	10 1.570796
16.998667	0.122665	3.838701	1	-0.189705	-0.939393	-0.285573	0.976384	-0.211118	0.045862	-0.103373	-0.270130	0.957258	10 1.570796
1.823778	4.375787	5.326112	1	-0.408737	0.458372	0.789193	0.886877	-0.004567	0.461984	0.215366	0.888748	-0.404653	10 1.570796
0.991045	11.941192	22.524277	1	0.931908	0.199900	0.302636	-0.359184	0.392846	0.846558	0.050338	-0.897614	0.437895	10 1.570796
22.085112	6.654703	10.249586	1	-0.804295	-0.157345	0.573020	0.325455	-0.923458	0.203236	0.497182	0.349953	0.793941	10 1.570796
6.034307	5.007879	24.500525	1	-0.492531	-0.296684	0.818164	-0.538792	-0.634330	-0.554371	0.683458	-0.713864	0.152577	10 1.570796
14.588072	0.849068	18.694513	1	-0.711516	-0.000144	-0.702670	0.069073	-0.995171	-0.069738	-0.699268	-0.098154	0.708090	10 1.570796
1.609423	12.296639	26.071387	1	0.178090	0.761710	-0.622963	0.315607	-0.643853	-0.697028	-0.932029	-0.072477	-0.355064	10 1.570796
25.244526	0.729500	20.991659	1	-0.864643	-0.443561	0.235895	0.470844	-0.551723	0.688408	-0.175202	0.706298	0.685892	10 1.570796
21.600761	10.503200	21.821764	1	0.424126	0.712988	-0.558357	-0.271122	-0.488308	-0.829486	-0.864064	0.503191	-0.013798	10 1.570796
9.104040	4.006040	22.418808	1	-0.442447	0.505404	-0.740817	-0.800844	-0.594437	0.072760	-0.403596	0.625471	0.667757	10 1.570796
9.281344	6.904832	12.229812	1	0.200846	-0.844187	0.496999	0.233064	-0.451593	-0.861247	0.951495	0.288810	0.106048	10 1.570796
18.968828	4.602118	15.855253	1	0.555325	-0.227400	-0.799939	0.785814	-0.171392	0.594241	-0.272234	-0.958601	0.083516	10 1.570796
16.771887	12.398382	19.228945	1	0.823264	-0.346651	-0.449520	-0.529532	-0.754292	-0.388121	-0.204528	0.557562	-0.804544	10 1.570796
1.877558	9.220873	15.400011	1	0.226530	-0.267674	0.936502	-0.859129	-0.507914	0.062640	0.458895	-0.818764	-0.345023	10 1.570796
24.691858	18.909868	11.786039	1	0.848770	-0.518326	-0.104533	-0.390693	-0.747975	0.536557	-0.356301	-0.414571	-0.837365	10 1.570796
8.414198	20.176336	2.542656	1	0.771898	0.121073	0.624109	-0.594092	-0.212124	0.775922	0.226332	-0.969713	-0.091809	10 1.570796
23.336929	11.668032	11.049449	1	0.846962	0.048744	-0.529413	-0.191318	0.957022	-0.217960	0.496036	0.285891	0.819888	10 1.570796
8.782659	11.561765	15.701654	1	-0.916616	0.199854	0.346231	-0.271401	0.324816	-0.906001	-0.293530	-0.924422	-0.243491	10 1.570796
16.856050	0.699978	23.990099	1	0.331281	-0.844640	0.420517	-0.931313	-0.221228	0.289332	-0.151351	-0.487484	-0.859914	10 1.570796
23.842810	17.203463	17.221148	1	0.974417	-0.214332	0.067617	0.172031	0.517708	-0.838084	0.144624	0.828276	0.541335	10 1.570796
15.719957	3.097170	22.947664	1	-0.780937	0.239744	0.576768	0.425654	-0.471517	0.772327	0.457119	0.848642	0.266177	10 1.570796
15.953058	13.410737	2.680355	1	-0.533694	0.466772	-0.705192	-0.775264	0.063082	0.628479	0.337841	0.882125	0.328206	10 1.570796
2.362848	20.362890	10.926568	1	0.659048	0.534002	0.529622	-0.714413	0.224362	0.662780	0.235099	-0.815171	0.529363	10 1.570796
23.156336	16.659849	5.220245	1	-0.143271	0.978835	0.146138	-0.255219	0.106127	-0.961042	-0.956210	-0.174985	0.234612	10 1.570796
17.220240	24.375143	7.192919	1	0.192705	0.822215	0.535563	0.576055	0.347049	-0.740078	-0.794373	0.451129	-0.406762	10 1.570796
12.198402	25.936745	10.545254	1	-0.965976	0.211165	-0.149338	0.249037	0.915246	-0.316708	0.069802	-0.343123	-0.936694	10 1.570796
2.563356	4.618670	21.042753	1	-0.143372	0.835848	-0.529907	0.447662	-0.422758	-0.787956	-0.882634	-0.350191	-0.313565	10 1.570796
13.434994	22.695678	19.187509	1	-0.377465	0.901900	-0.209989	0.457398	0.378759	0.804567	0.805174	0.207647	-0.555497	10 1.570796
25.573508	8.450316	14.367037	1	-0.984018	-0.161818	0.074324	0.143096	-0.470162	0.870903	-0.105984	0.867620	0.485801	10 1.570796
25.221351	11.080104	21.158928	1	0.972022	0.175386	0.156243	-0.165494	0.039328	0.985428	0.166685	-0.983714	0.067254	10 1.570796
23.103546	22.379905	20.611004	1	0.155179	0.962327	-0.223255	-0.642116	0.269997	0.717489	0.750737	0.032016	0.659823	10 1.570796
1.674921	0.973293	9.987932	1	0.880828	-0.458061	0.119680	0.462792	0.886362	-0.013639	-0.099830	0.067401	0.992720	10 1.570796
10.295147	13.773494	21.458522	1	0.452847	0.733634	0.506663	-0.147401	0.622054	-0.768973	-0.879319	0.273546	0.389835	10 1.570796
15.750315	19.886683	14.451956	1	-0.467254	-0.234166	-0.852550	-0.860078	-0.102969	0.499663	-0.204792	0.966727	-0.153289	10 1.570796
19.313869	0.443445	4.532762	1	-0.082682	0.951470	0.296426	-0.254577	-0.307741	0.916781	0.963512	0.000339	0.267667	10 1.570796
0.656630	20.589749	3.112402	1	0.747236	0.563578	-0.352161	0.623951	-0.777370	0.079879	-0.228742	-0.279421	-0.932523	10 1.570796
1.090155	1.232626	4.173082	1	0.592734	-0.333648	-0.733040	-0.375554	-0.919648	0.114911	-0.712479	0.207185	-0.670409	10 1.570796
25.122998	22.858026	4.880280	1	-0.071028	0.604610	0.793347	-0.993699	0.026240	-0.108961	-0.086697	-0.796089	0.598937	10 1.570796
16.260598	6.004803	19.501463	1	0.811215	0.057920	-0.581873	0.583406	-0.012754	0.812081	0.039614	-0.998239	-0.044138	10 1.570796
24.619017	18.576685	8.516378	1	-0.870339	0.489809	-0.050947	-0.407777	-0.774824	-0.483078	-0.276093	-0.399669	0.874093	10 1.570796
1.173549	2.265521	10.228104	1	-0.080095	-0.985440	0.149978	0.962726	-0.037481	0.267871	-0.258350	0.165842	0.951711	10 1.570796
15.372450	13.988974	7.540899	1	0.745503	0.507204	0.432400	0.540927	-0.839454	0.052065	0.389387	0.195082	-0.900178	10 1.570796
11.636241	7.341510	4.299794	1	0.118252	-0.910458	0.396339	0.603627	-0.251014	-0.756720	0.788447	0.328725	0.519894	10 1.570796
13.158449	8.781416	9.002602	1	-0.759314	-0.648095	0.058411	-0.634644	0.717729	-0.286516	0.143765	-0.254625	-0.956294	10 1.570796
7.670500	20.303178	7.472204	1	-0.005883	0.638291	0.769772	0.579931	-0.624935	0.522623	0.814643	0.449491	-0.366488	10 1.570796
10.885163	23.685788	7.122299	1	0.205872	0.383656	0.900237	-0.913637	-0.254188	0.317266	0.350549	-0.887805	0.298192	10 1.570796
6.332654	15.100628	19.725625	1	-0.299575	0.953782	0.023553	-0.329926	-0.080400	-0.940577	-0.895211	-0.289545	0.338763	10 1.570796
10.714113	4.723003	20.964399	1	-0.322038	0.925220	-0.200655	-0.271478	0.112797	0.955811	0.906968	0.362281	0.214853	10 1.570796
21.479509	7.941584	4.538218	1	-0.906347	-0.141868	0.398007	0.351455	-0.776000	0.523740	0.234552	0.614571	0.753185	10 1.570796
6.227275	11.929946	8.907395	1	-0.429514	0.876746	0.216413	-0.000676	0.239332	-0.970937	-0.903061	-0.417178	-0.102203	10 1.570796
17.589865	1.274615	24.780908	1	0.691575	-0.721484	-0.034440	-0.608937	-0.556724	-0.565025	0.388482	0.411729	-0.824356	10 1.570796
8.349042	2.368142	2.108036	1	0.429034	-0.745730	-0.509725	-0.902445	-0.329496	-0.277532	0.039012	0.579067	-0.814344	10 1.570796
22.295289	22.020615	16.771776	1	-0.954200	-0.047813	0.295326	0.291127	0.078957	0.953420	-0.068904	0.995731	-0.061422	10 1.570796
18.823475	12.561337	20.465015	1	0.098316	0.427399	0.898700	-0.361902	0.856600	-0.367786	-0.927017	-0.289083	0.238894	10 1.570796
19.014397	21.278269	17.149911	1	0.811229	-0.031154	0.583898	-0.104347	0.974837	0.196982	-0.575343	-0.220726	0.787567	10 1.570796
6.169748	3.684521	14.792360	1	0.433517	0.747982	-0.502579	-0.077513	-0.524692	-0.847757	-0.897806	0.406473	-0.169484	10 1.570796
8.884842	25.145533	2.219405	1	-0.755669	-0.050569	-0.652999	-0.647406	0.208614	0.733039	0.099155	0.976689	-0.190382	10 1.570796
9.456597	20.494053	18.631777	1	-0.822435	-0.493895	0.282257	-0.500195	0.391543	-0.772333	0.270936	-0.776378	-0.569062	10 1.570796
2.074426	20.239567	0.105072	1	-0.721062	0.277241	0.634985	-0.535616	0.358328	-0.764669	-0.439530	-0.891481	-0.109882	10 1.570796
4.202843	20.569895	21.896784	1	-0.544263	-0.818292	-0.184874	0.834518	-0.550634	-0.019578	-0.085778	-0.164935	0.982567	10 1.570796
4.068358	2.012327	22.998580	1	0.402021	0.796224	0.452114	0.642856	0.106163	-0.758594	-0.652010	0.595615	-0.469177	10 1.570796
2.981167	5.967879	13.086237	1	-0.189833	0.971094	-0.144708	0.904128	0.115442	-0.411369	-0.382773	-0.208925	-0.899909	10 1.570796
24.583070	13.816980	1.905804	1	0.563886	0.077472	0.822211	-0.621895	0.694912	0.361030	-0.543395	-0.714908	0.440032	10 1.570796
0.758485	21.056391	15.821037	1	-0.512863	-0.199517	-0.834963	0.433323	-0.899786	-0.051153	-0.741081	-0.388041	0.547922	10 1.570796
20.085695	16.611451	14.945036	1	0.285733	0.702982	0.651284	-0.677142	0.629015	-0.381865	-0.678112	-0.331901	0.655749	10 1.570796
6.539785	5.055354	20.372415	1	0.703775	-0.269057	-0.657503	0.573828	-0.330349	0.749395	-0.418835	-0.904698	-0.078099	10 1.570796
5.132792	11.355074	8.897558	1	-0.250260	0.849128	-0.465137	-0.234091	0.413101	0.880084	0.939451	0.329135	0.095390	10 1.570796
3.850919	3.974528	10.223950	1	0.277784	-0.230768	-0.932514	-0.922794	0.205697	-0.325792	0.266998	0.951018	-0.155810	10 1.570796
21.494989	23.450490	9.219831	1	0.156285	-0.986686	0.045007	0.822327	0.104739	-0.559293	0.547133	0.124419	0.827748	10 1.570796
9.667517	12.371206	6.717318	1	-0.845018	-0.526605	0.092909	-0.364240	0.439629	-0.821009	0.391503	-0.727609	-0.563303	10 1.570796
22.892660	3.946552	1.943182	1	0.728152	0.122775	0.674330	-0.414533	0.862388	0.290603	-0.545856	-0.491134	0.678843	10 1.570796
18.593004	13.314253	4.365728	1	0.797536	-0.602397	0.032444	-0.302469	-0.352761	0.885478	-0.521966	-0.716014	-0.463546	10 1.570796
0.689830	23.162292	2.697942	1	0.960948	0.276474	-0.011823	0.138851	-0.518687	-0.843613	-0.239370	0.809027	-0.536821	10 1.570796
14.428588	21.650219	18.395377	1	0.179481	0.895710	-0.406806	0.398215	0.311979	0.862608	0.899562	-0.316816	-0.300691	10 1.570796
3.349960	14.763926	9.769770	1	0.925861	0.180757	0.331827	0.329536	-0.815959	-0.474990	0.184900	0.549122	-0.815032	10 1.570796
8.188818	0.351538	9.317369	1	0.340745	-0.192297	0.920279	-0.597653	0.711316	0.369920	-0.725742	-0.676055	0.127450	10 1.570796
13.932827	12.682680	21.817740	1	-0.895549	-0.245363	-0.371201	0.274586	-0.961180	-0.027114	-0.350138	-0.126208	0.928157	10 1.570796
21.433429	16.676756	13.950199	1	0.316718	0.813928	-0.487042	0.618427	0.212134	0.756670	0.719193	-0.540850	-0.436171	10 1.570796
23.676872	25.310132	14.913261	1	0.700786	-0.642611	-0.309756	0.472611	0.092973	0.876353	-0.534355	-0.760531	0.368860	10 1.570796
12.984522	4.125492	19.588264	1	-0.941536	0.036363	0.334944	-0.012563	-0.997257	0.072951	0.336678	0.064479	0.939409	10 1.570796
1.503610	23.697441	7.903662	1	0.326528	0.742990	-0.584248	-0.934512	0.161147	-0.317357	-0.141644	0.649613	0.746955	10 1.570796
19.995911	6.719176	3.412870	1	0.943629	-0.272589	-0.187777	0.300042	0.943970	0.137458	0.139786	-0.186051	0.972546	10 1.570796
8.578232	3.435438	7.020003	1	0.559290	0.828195	-0.035880	-0.658695	0.417713	-0.625809	-0.503305	0.373644	0.779149	10 1.570796
19.695402	9.618643	16.101103	1	-0.762891	0.201240	0.614410	-0.051608	-0.966248	0.252398	0.644465	0.160843	0.747527	10 1.570796
23.778460	13.950117	23.393801	1	0.987885	0.005041	0.155109	0.144177	-0.399623	-0.905270	0.057421	0.916666	-0.395508	10 1.570796
0.597340	24.369078	17.172770	1	0.167853	0.637472	-0.751968	-0.624158	0.659151	0.419462	0.763054	0.398939	0.508523	10 1.570796
2.162121	9.671585	9.356334	1	0.760969	0.544784	0.352330	-0.340481	-0.126932	0.931644	0.552267	-0.828914	0.088896	10 1.570796
5.304396	17.107859	5.603453	1	0.091062	-0.763137	-0.639789	-0.919373	0.182472	-0.348508	0.382703	0.619939	-0.684991	10 1.570796
20.765590	23.323822	5.971264	1	-0.085001	0.624589	0.776315	0.551649	-0.619322	0.558680	0.829733	0.475743	-0.291911	10 1.570796
26.060091	12.217421	12.685968	1	0.135658	0.006281	0.990736	0.786199	0.607829	-0.111506	-0.602899	0.794043	0.077517	10 1.570796
19.921953	11.841368	9.450270	1	0.390519	-0.693786	-0.605110	-0.545196	0.355344	-0.759271	0.741793	0.626412	-0.239480	10 1.570796
0.534454	8.843308	24.683917	1	-0.168052	-0.882827	0.438605	-0.963455	0.052940	-0.262584	0.208597	-0.466704	-0.859462	10 1.570796
6.162317	5.658535	0.209177	1	-0.611972	0.619473	0.491672	-0.034340	0.600281	-0.799052	-0.790133	-0.505881	-0.346085	10 1.570796
16.850526	14.115420	12.871556	1	-0.195646	-0.974975	-0.105579	0.312542	-0.164035	0.935633	-0.929537	0.150055	0.336813	10 1.570796
21.950399	21.691102	8.926056	1	-0.893153	0.229521	0.386781	0.185175	-0.596044	0.781307	0.409866	0.769448	0.489856	10 1.570796
20.530371	13.928244	7.110567	1	0.222845	0.262451	-0.938862	-0.951019	-0.153140	-0.268538	-0.214255	0.952716	0.215470	10 1.570796
9.456640	10.693136	25.948198	1	0.642513	0.481478	0.596118	0.006156	-0.781162	0.624299	0.766250	-0.397451	-0.504870	10 1.570796
19.017168	21.648375	4.324167	1	0.811743	0.424139	-0.401469	-0.111330	0.787207	0.606557	0.573304	-0.447674	0.686228	10 1.570796
11.262659	10.980729	16.999235	1	0.711957	-0.699141	-0.065728	0.497468	0.436085	0.749904	-0.495627	-0.566596	0.658274	10 1.570796
20.629545	2.473270	15.391859	1	0.956071	0.285288	-0.067361	-0.283981	0.844465	-0.454128	-0.072674	0.453308	0.888387	10 1.570796
5.333052	17.703783	17.029577	1	-0.222616	-0.555883	0.800897	0.444906	-0.788905	-0.423895	0.867470	0.261958	0.422939	10 1.570796
0.429003	14.507345	15.213758	1	0.995846	0.047768	0.077526	0.021370	-0.950184	0.310954	0.088517	-0.308006	-0.947258	10 1.570796
15.186959	15.495520	9.775508	1	0.235160	-0.654784	0.718302	-0.168253	0.700446	0.693589	-0.957283	-0.283959	0.054546	10 1.570796
23.424192	9.073393	10.235582	1	0.970680	0.015677	0.239862	0.238855	0.049047	-0.969815	-0.026969	0.998674	0.043865	10 1.570796
13.788160	14.579548	20.063123	1	0.394727	-0.862259	0.317331	-0.684169	-0.045312	0.727914	-0.613273	-0.504436	-0.607816	10 1.570796
6.618151	8.639061	17.776082	1	0.441313	0.867817	-0.228325	-0.860454	0.337027	-0.382142	-0.254678	0.365106	0.895454	10 1.570796
8.181418	19.562129	12.077709	1	-0.397132	0.417169	0.817471	-0.556674	0.598665	-0.575944	-0.729657	-0.683791	-0.005521	10 1.570796
24.564455	17.201438	5.941901	1	-0.102402	-0.864045	-0.492888	0.239111	-0.502347	0.830949	-0.965577	-0.032764	0.258044	10 1.570796
18.940535	10.515089	8.149115	1	0.195630	0.955325	-0.221547	0.234249	-0.264893	-0.935393	-0.952290	0.131093	-0.275605	10 1.570796
9.642358	6.332667	9.142592	1	0.550440	0.504343	0.665323	-0.067769	-0.767294	0.637706	0.832120	-0.396108	-0.388170	10 1.570796
2.914593	24.104692	4.606277	1	0.930927	-0.237006	0.277852	0.203585	0.968416	0.143954	-0.303196	-0.077446	0.949776	10 1.570796
24.859667	9.794912	20.830637	1	-0.320616	0.947136	0.011858	0.913114	0.312379	-0.261998	-0.251851	-0.073175	-0.964996	10 1.570796
2.954090	25.796423	5.627979	1	0.904219	0.360078	-0.229634	0.177593	0.171971	0.968962	0.388392	-0.916935	0.091552	10 1.570796
16.178045	21.610800	3.488665	1	-0.624536	-0.717296	-0.308940	0.219398	0.218507	-0.950853	0.749547	-0.661622	0.020907	10 1.570796
12.556307	14.242610	13.139665	1	0.033752	-0.444575	0.895105	-0.087928	0.890822	0.445764	-0.995555	-0.093749	-0.009025	10 1.570796
2.190088	20.301724	19.676942	1	0.400721	0.177563	-0.898829	-0.254074	0.964100	0.077185	0.880266	0.197441	0.431449	10 1.570796
16.652223	18.682364	12.631719	1	0.189038	0.731605	-0.654995	-0.402516	-0.550678	-0.731256	-0.895682	0.401881	0.190384	10 1.570796
3.007473	20.889914	22.701346	1	0.665959	-0.132429	-0.734139	-0.597677	0.494189	-0.631315	0.446407	0.859210	0.249959	10 1.570796
5.893831	3.535662	0.271122	1	0.983137	-0.027105	-0.180853	-0.102900	0.735537	-0.669624	0.151174	0.676943	0.720343	10 1.570796
16.346853	17.841909	17.298689	1	0.854820	-0.056918	0.515794	-0.510114	-0.274553	0.815108	0.095219	-0.959885	-0.263730	10 1.570796
23.413476	1.454419	19.402512	1	-0.904600	-0.134632	0.404441	0.302318	0.466253	0.831392	-0.300506	0.874347	-0.381069	10 1.570796
0.407076	14.076609	7.369013	1	0.391457	0.178063	-0.902804	0.367076	-0.929876	-0.024236	-0.843810	-0.321910	-0.429369	10 1.570796
1.209045	7.019724	24.956942	1	0.231316	0.416111	0.879400	0.230696	0.854675	-0.465092	-0.945130	0.310458	0.101704	10 1.570796
20.301435	0.461193	17.487062	1	0.827693	0.487270	0.278371	0.146105	0.291828	-0.945247	-0.541828	0.823045	0.170354	10 1.570796
21.831083	5.438669	1.051302	1	-0.267885	-0.192117	0.944103	0.113247	0.966845	0.228877	-0.956772	0.168232	-0.237246	10 1.570796
2.618220	25.922054	9.325217	1	-0.881810	-0.460538	-0.101572	-0.406113	0.851026	-0.332906	0.239754	-0.252310	-0.937474	10 1.570796
6.108347	9.128147	24.081984	1	-0.844453	0.531096	-0.069539	-0.240424	-0.491849	-0.836827	-0.478638	-0.689943	0.543033	10 1.570796
5.027761	6.501223	16.327692	1	0.048529	-0.027070	0.998454	-0.399117	0.915834	0.044229	-0.915615	-0.400647	0.033641	10 1.570796
2.774610	14.203738	10.867352	1	0.342452	0.818156	-0.461894	0.811041	-0.009258	0.584914	0.474276	-0.574923	-0.666728	10 1.570796
21.579485	17.622957	10.291574	1	0.055387	0.910151	0.410561	-0.688480	0.332618	-0.644486	-0.723137	-0.246966	0.645042	10 1.570796
9.230163	15.819076	10.370226	1	-0.680684	0.730025	-0.061117	-0.531415	-0.434626	0.727118	0.504250	0.527415	0.683789	10 1.570796
0.028564	20.483038	8.034582	1	-0.794133	0.533506	0.291075	-0.013377	0.463480	-0.886006	-0.607595	-0.707502	-0.360927	10 1.570796
9.228338	0.943771	10.456225	1	0.326742	-0.855776	-0.401108	-0.088509	0.394830	-0.914481	0.940960	0.334300	0.053264	10 1.570796
22.961356	2.779820	23.381623	1	-0.854646	-0.169487	0.490769	-0.309727	-0.592199	-0.743888	0.416713	-0.787766	0.453626	10 1.570796
14.037751	17.497571	7.559351	1	-0.571529	0.812960	0.111581	-0.269819	-0.314599	0.910069	0.774953	0.490023	0.399154	10 1.570796
0.350403	1.230051	10.418116	1	0.314266	-0.035034	0.948689	0.498300	0.856676	-0.133433	-0.808043	0.514664	0.286681	10 1.570796
18.732780	25.145173	10.748271	1	-0.080867	0.068509	-0.994367	-0.978168	0.186164	0.092375	0.191444	0.980126	0.051958	10 1.570796
23.782650	12.857290	0.895004	1	-0.401957	0.906522	-0.129029	0.798034	0.415921	0.436066	0.448969	0.072311	-0.890617	10 1.570796
17.091894	18.092985	13.820166	1	0.377519	-0.718820	0.583761	0.630800	0.661147	0.406172	-0.677916	0.214901	0.703026	10 1.570796
15.469783	18.971518	6.749897	1	0.365145	-0.875447	-0.316638	-0.656155	-0.000741	-0.754626	0.660402	0.483310	-0.574700	10 1.570796
8.207694	21.615970	3.361602	1	0.616802	0.786860	0.020233	-0.750696	0.580335	0.315699	0.236670	-0.209912	0.948643	10 1.570796
24.612841	14.228922	11.625311	1	-0.101423	-0.214372	-0.971472	0.861919	-0.506577	0.021800	-0.496797	-0.835119	0.236150	10 1.570796
9.734587	12.883009	18.963156	1	-0.828577	-0.552885	0.088189	0.547620	-0.767553	0.333131	-0.116494	0.324319	0.938747	10 1.570796
12.593637	25.571234	5.608667	1	0.821109	-0.327024	0.467799	-0.238588	-0.941204	-0.239187	0.518514	0.084786	-0.850855	10 1.570796
1.879143	5.039311	16.219654	1	-0.049284	0.333466	0.941474	0.251618	-0.908071	0.334806	0.966572	0.253392	-0.039154	10 1.570796
12.345629	5.926863	6.552629	1	-0.258652	0.781478	-0.567796	0.616257	-0.319148	-0.719981	-0.743861	-0.536132	-0.399041	10 1.570796
1.853111	17.336273	17.144063	1	0.236137	-0.227833	0.944633	-0.965066	0.058587	0.255375	-0.113526	-0.971936	-0.206039	10 1.570796
3.881315	1.556804	14.632470	1	-0.451186	0.805663	-0.383848	-0.526171	0.107249	0.843589	0.720816	0.582583	0.375526	10 1.570796
25.847781	18.401270	23.167409	1	-0.206573	0.709224	-0.674037	0.574870	0.645426	0.502939	0.791741	-0.283591	-0.541041	10 1.570796
11.899879	22.733817	21.895881	1	0.557993	-0.807487	0.191338	-0.076691	-0.279762	-0.957001	0.826295	0.519327	-0.218032	10 1.570796
3.256435	10.654680	20.287190	1	-0.139491	0.183511	0.973068	0.551646	-0.801663	0.230266	0.822332	0.568910	0.010592	10 1.570796
12.358515	11.415812	4.503492	1	0.694054	0.473612	0.542200	-0.494612	0.860943	-0.118896	-0.523114	-0.185658	0.831796	10 1.570796
3.514544	2.966766	10.382784	1	0.921819	-0.342880	0.180789	0.140151	-0.140024	-0.980179	0.361399	0.928884	-0.081021	10 1.570796
19.500754	2.873471	7.565482	1	-0.463710	0.663623	0.587008	0.884290	0.305681	0.352973	0.054803	0.682764	-0.728582	10 1.570796
15.250887	16.283468	25.324087	1	0.988518	0.089979	-0.121397	0.151105	-0.592965	0.790925	-0.000817	-0.800185	-0.599751	10 1.570796
8.305735	7.319323	19.606836	1	-0.321951	-0.909869	0.261697	0.898783	-0.206855	0.386522	-0.297552	0.359651	0.884373	10 1.570796
7.991426	1.447502	20.923864	1	-0.773625	-0.575271	0.265644	0.412249	-0.138583	0.900469	-0.481200	0.806138	0.344367	10 1.570796
24.154875	9.285521	11.420137	1	-0.741021	-0.072508	-0.667555	-0.310206	-0.844741	0.436101	-0.595530	0.530242	0.603478	10 1.570796
24.533827	20.578930	8.249740	1	-0.260687	0.288284	-0.921376	-0.720541	-0.693288	-0.013055	-0.642544	0.660487	0.388452	10 1.570796
16.843451	6.792685	7.029703	1	0.872830	-0.371380	0.316614	-0.188171	0.342496	0.920482	-0.450288	-0.863001	0.229059	10 1.570796
11.148098	12.622374	0.500508	1	0.364663	0.316158	-0.875822	-0.385329	-0.805034	-0.451044	-0.847668	0.501959	-0.171741	10 1.570796
5.259344	9.797041	22.337664	1	0.710789	-0.632518	-0.307731	-0.425581	-0.735041	0.527820	-0.560052	-0.244204	-0.791648	10 1.570796
5.307282	24.037855	15.749070	1	-0.648983	0.188493	0.737084	-0.522644	0.593580	-0.611969	-0.552869	-0.782390	-0.286709	10 1.570796
5.743167	13.995923	24.318117	1	-0.520554	0.853827	-0.002174	0.493340	0.302851	0.815412	0.696880	0.423394	-0.578876	10 1.570796
0.227278	12.304716	8.642931	1	0.455152	-0.865895	0.207515	-0.514702	-0.446028	-0.732216	0.726580	0.226462	-0.648689	10 1.570796
1.488333	10.542395	9.157930	1	-0.683478	0.715902	-0.142623	-0.648046	-0.505143	0.569972	0.335999	0.481990	0.809190	10 1.570796
18.626382	11.138314	2.973234	1	0.858539	0.395174	0.326719	-0.469103	0.862606	0.189347	-0.207006	-0.315828	0.925960	10 1.570796
21.116552	16.017832	19.863012	1	0.965975	-0.048632	-0.254021	0.258421	0.221452	0.940308	0.010524	-0.973959	0.226484	10 1.570796
