8000
0.0	0.0	0.0
26.133293	0.000000	0.000000	
0.000000	26.133293	0.000000	
0.000000	0.000000	26.133293	
23.775818	6.517849	0.471191	1	-0.455573	0.881838	-0.121712	-0.871707	-0.469644	-0.139859	-0.180494	0.042382	0.982664	10 1.570796
18.211030	16.049377	7.090556	1	0.683578	-0.467443	0.560554	0.636088	0.758165	-0.143459	-0.357933	0.454628	0.815598	10 1.570796
19.197389	7.527338	24.981281	1	-0.605475	0.067744	0.792976	0.331509	0.927285	0.173906	-0.723534	0.368174	-0.583906	10 1.570796
3.482255	21.603645	11.407119	1	-0.082467	-0.854198	-0.513367	-0.390209	0.501670	-0.772053	0.917026	0.136650	-0.374685	10 1.570796
10.839343	11.305766	14.026680	1	0.947269	-0.249369	0.201236	0.149083	0.898868	0.412082	-0.283645	-0.360352	0.888647	10 1.570796
16.789857	6.774313	7.996111	1	0.326734	0.943137	-0.061142	-0.927736	0.332403	0.169747	0.180419	0.001260	0.983589	10 1.570796
9.767108	8.539954	12.531399	1	0.442226	0.243199	0.863303	-0.780587	0.578408	0.236911	-0.441725	-0.778652	0.445624	10 1.570796
5.146409	0.188947	24.766213	1	-0.997850	0.065484	0.002970	-0.054164	-0.798160	-0.600006	-0.036921	-0.598876	0.799988	10 1.570796
8.319731	21.648127	21.896819	1	-0.807073	0.505833	-0.304575	0.301518	-0.090434	-0.949160	-0.507662	-0.857877	-0.079531	10 1.570796
7.169193	24.148693	13.596584	1	0.631622	-0.766706	0.114958	-0.167586	0.009749	0.985808	-0.756947	-0.641922	-0.122331	10 1.570796
1.198834	19.574121	7.889475	1	0.533700	0.819179	0.210024	-0.820504	0.441454	0.363167	0.204783	-0.366148	0.907744	10 1.570796
9.437054	12.092102	2.675434	1	0.641534	0.616303	-0.456733	0.447048	0.183464	0.875494	0.623363	-0.765842	-0.157819	10 1.570796
24.435387	15.969581	2.517978	1	0.234851	-0.794868	0.559492	-0.266136	-0.606176	-0.749480	0.934887	0.027114	-0.353903	10 1.570796
14.985966	5.608265	14.617798	1	0.803722	0.312867	0.506109	-0.512960	0.795352	0.322932	-0.301501	-0.519161	0.799731	10 1.570796
9.011790	20.362532	18.670423	1	-0.354208	0.002154	0.935164	-0.632289	-0.737338	-0.237789	0.689018	-0.675521	0.262534	10 1.570796
4.819873	10.665640	24.612050	1	0.602028	0.787743	-0.130463	0.303686	-0.377006	-0.875010	-0.738470	0.487161	-0.466195	10 1.570796
16.567867	22.636162	8.724266	1	0.399672	0.578940	-0.710696	0.886345	-0.046342	0.460701	0.233785	-0.814052	-0.531662	10 1.570796
17.048646	16.945119	10.188373	1	-0.637081	-0.708346	0.303926	-0.741492	0.455519	-0.492637	0.210515	-0.539210	-0.815436	10 1.570796
5.896753	6.352716	6.931772	1	-0.052172	-0.316699	-0.947091	-0.209749	-0.923751	0.320448	-0.976362	0.215371	-0.018232	10 1.570796
21.797218	21.413403	5.514353	1	0.336948	-0.654549	-0.676779	-0.549759	0.446771	-0.705805	0.764348	0.609888	-0.209306	10 1.570796
0.905377	17.201608	6.012708	1	-0.815969	0.409031	0.408519	-0.578003	-0.564638	-0.589149	-0.010316	-0.716852	0.697149	10 1.570796
13.382175	25.609005	0.070942	1	0.973596	0.198629	0.112525	0.136915	-0.902466	0.408421	0.182673	-0.382230	-0.905831	10 1.570796
12.931797	15.701993	20.291735	1	-0.443479	0.562745	0.697600	-0.666334	0.313538	-0.676530	-0.599439	-0.764858	0.235931	10 1.570796
14.244828	16.813813	1.861220	1	0.565716	0.295265	0.769925	0.656025	-0.726847	-0.203281	0.499595	0.620091	-0.604892	10 1.570796
11.179695	9.055632	17.938394	1	-0.946759	-0.256454	-0.194613	0.256050	-0.966268	0.027681	-0.195146	-0.023625	0.980489	10 1.570796
14.070187	19.906007	8.627109	1	0.919879	0.083703	-0.383168	0.076093	0.920307	0.383724	0.384750	-0.382136	0.840201	10 1.570796
19.278879	17.576837	23.258433	1	0.614697	-0.443297	-0.652406	0.750976	0.581861	0.312208	0.241207	-0.681854	0.690575	10 1.570796
13.633465	8.938174	18.229574	1	-0.930324	-0.346908	0.118970	-0.297143	0.903141	0.309908	-0.214955	0.252966	-0.943296	10 1.570796
5.187309	11.858944	18.814358	1	0.912948	-0.320234	0.252935	0.336847	0.241506	-0.910058	0.230345	0.916038	0.328353	10 1.570796
20.734188	25.455603	23.243767	1	-0.211828	0.328604	-0.920405	0.439208	-0.809307	-0.390023	-0.873055	-0.486868	0.027108	10 1.570796
13.522049	5.975550	25.765831	1	0.998557	0.011068	-0.052567	0.037326	-0.846697	0.530765	-0.038633	-0.531960	-0.845888	10 1.570796
10.234035	5.080556	1.362460	1	-0.035099	-0.999027	0.026695	0.969012	-0.040555	-0.243667	0.244512	0.017315	0.969492	10 1.570796
21.525225	17.798765	2.085168	1	-0.647606	-0.760940	0.039672	-0.479715	0.366708	-0.797119	0.592010	-0.535251	-0.602517	10 1.570796
7.432383	11.076889	16.057151	1	0.367677	-0.449903	-0.813878	-0.635439	0.517455	-0.573111	0.678990	0.727893	-0.095628	10 1.570796
2.576932	25.279327	3.102921	1	0.823762	-0.548070	-0.145034	0.546988	0.701074	0.457490	-0.149060	-0.456195	0.877307	10 1.570796
14.924473	13.485157	7.939013	1	-0.780102	0.103283	-0.617068	-0.607126	-0.363205	0.706740	-0.151129	0.925968	0.346042	10 1.570796
13.885330	8.326304	13.756352	1	0.727665	-0.662276	-0.178587	0.458184	0.275544	0.845068	-0.510460	-0.696753	0.503950	10 1.570796
4.983051	0.950409	4.300021	1	0.314275	0.807000	0.499982	0.942760	-0.327181	-0.064501	0.111532	0.491634	-0.863629	10 1.570796
18.486057	13.565144	22.880878	1	0.601009	0.706545	0.373608	0.474859	-0.691667	0.544155	0.642881	-0.149632	-0.751208	10 1.570796
4.634002	24.001411	14.186295	1	0.379501	0.430093	0.819144	-0.795268	0.604087	0.051261	-0.472788	-0.670893	0.571293	10 1.570796
17.076520	12.035587	7.051340	1	0.409427	0.451041	0.793050	-0.469415	0.849506	-0.240806	-0.782315	-0.273676	0.559538	10 1.570796
2.175442	9.141265	6.124388	1	-0.626878	0.768926	0.125608	-0.563433	-0.558759	0.608549	0.538113	0.310715	0.783511	10 1.570796
25.880924	6.004076	4.832323	1	0.214937	-0.505533	-0.835609	0.301595	0.848143	-0.435540	0.928894	-0.158401	0.334762	10 1.570796
6.096067	13.754830	12.751716	1	-0.670255	-0.352303	-0.653178	0.529339	-0.843830	-0.088044	-0.520152	-0.404765	0.752067	10 1.570796
14.229694	4.175989	16.538631	1	-0.373078	0.904420	0.206968	-0.904753	-0.404055	0.134765	0.205513	-0.136979	0.969020	10 1.570796
24.931637	19.951485	1.114212	1	0.089809	-0.875160	-0.475424	0.857137	0.311012	-0.410594	0.507198	-0.370628	0.778065	10 1.570796
7.009981	18.718565	8.152747	1	-0.348071	-0.814190	-0.464696	0.833372	-0.495751	0.244381	-0.429347	-0.302203	0.851078	10 1.570796
24.261493	13.263905	24.374011	1	-0.649345	-0.603851	0.462290	-0.502895	-0.115047	-0.856657	0.570478	-0.788750	-0.228968	10 1.570796
3.990808	17.195534	18.396172	1	-0.759325	-0.263254	-0.595082	-0.067124	-0.877942	0.474037	-0.647241	0.399892	0.648973	10 1.570796
22.468447	22.571193	21.710734	1	-0.529571	0.803864	-0.270844	0.796360	0.581119	0.167666	0.292174	-0.126898	-0.947910	10 1.570796
21.547591	11.770088	17.099198	1	0.563982	-0.146197	-0.812742	0.825276	0.134394	0.548505	0.029038	-0.980084	0.196448	10 1.570796
15.861960	8.402474	19.715564	1	-0.418700	0.768610	0.483663	-0.394238	-0.633632	0.665645	0.818088	0.088027	0.568318	10 1.570796
0.591807	16.068720	21.535536	1	0.944298	0.285492	0.163704	-0.244132	0.941262	-0.233287	-0.220690	0.180327	0.958527	10 1.570796
0.564194	21.119812	25.706299	1	-0.476515	0.448908	-0.755919	0.081681	-0.833489	-0.546464	-0.875363	-0.322141	0.360505	10 1.570796
9.132125	24.835438	21.381987	1	-0.315067	-0.253718	0.914528	0.057597	-0.966940	-0.248415	0.947320	-0.025595	0.319263	10 1.570796
15.181710	22.326945	25.137817	1	-0.709682	-0.070643	0.700972	0.459174	-0.800987	0.384159	0.534332	0.594498	0.600884	10 1.570796
26.094894	17.604744	0.200005	1	-0.996866	0.001499	-0.079085	0.001382	0.999999	0.001546	0.079090	0.001430	-0.996867	10 1.570796
2.488488	12.451347	13.048321	1	0.245940	0.703255	0.667043	-0.781015	0.551345	-0.293316	-0.574048	-0.448830	0.684850	10 1.570796
3.652410	15.413857	21.731772	1	-0.941871	-0.265587	-0.205773	-0.259357	0.185424	0.947814	-0.213572	0.946086	-0.243529	10 1.570796
25.484463	18.866211	0.511408	1	0.516264	-0.570289	0.638939	-0.073927	0.713591	0.696651	-0.853234	-0.406890	0.326241	10 1.570796
24.644429	25.350256	15.035463	1	-0.884147	-0.463120	0.061671	-0.355172	0.752005	0.555287	-0.303542	0.469050	-0.829370	10 1.570796
7.887427	2.151807	7.260109	1	0.023657	0.787682	-0.615628	0.784539	-0.396301	-0.476911	-0.619627	-0.471703	-0.627342	10 1.570796
4.835536	11.742321	7.547716	1	0.885442	-0.110290	0.451472	0.455902	0.017491	-0.889859	0.090248	0.993744	0.065768	10 1.570796
6.554997	5.366771	16.443857	1	0.945508	0.320074	-0.059718	0.311364	-0.942472	-0.121649	-0.095220	0.096424	-0.990775	10 1.570796
23.122261	8.168808	10.317699	1	0.161051	-0.473578	0.865903	0.726341	-0.537132	-0.428857	0.668201	0.698007	0.257472	10 1.570796
12.422611	14.385662	0.027912	1	0.444410	-0.832294	-0.331342	0.718743	0.110500	0.686437	-0.534705	-0.543209	0.647313	10 1.570796
5.879385	17.267045	10.283912	1	-0.199961	0.268445	-0.942312	-0.109970	0.949512	0.293830	0.973612	0.162380	-0.160344	10 1.570796
22.748961	4.185249	9.902369	1	-0.049721	0.963431	-0.263301	0.277697	-0.239896	-0.930234	-0.959381	-0.119369	-0.255616	10 1.570796
8.946002	14.116249	20.073370	1	0.726147	-0.291917	0.622494	-0.662964	-0.537197	0.521438	0.182185	-0.791330	-0.583614	10 1.570796
6.114149	21.689929	21.577696	1	-0.116254	0.842511	-0.525984	-0.133416	0.511528	0.848845	0.984220	0.168857	0.052935	10 1.570796
10.326469	2.136825	26.124329	1	0.138222	-0.934492	0.328054	0.933574	0.233522	0.271860	-0.330659	0.268686	0.904696	10 1.570796
5.462215	5.949619	2.796316	1	0.391305	0.901437	-0.185182	0.706851	-0.165561	0.687714	0.589272	-0.400001	-0.701967	10 1.570796
1.005020	22.116507	6.345308	1	-0.657988	0.214896	-0.721713	-0.753006	-0.195107	0.628422	-0.005765	0.956948	0.290197	10 1.570796
11.580955	22.219554	15.737305	1	-0.397940	-0.912590	-0.093946	0.642667	-0.204222	-0.738426	0.654694	-0.354226	0.667757	10 1.570796
2.428801	3.111737	13.208931	1	0.567616	-0.719727	0.399756	-0.298904	0.272274	0.914616	-0.767116	-0.638640	-0.060586	10 1.570796
9.105368	9.201354	9.104213	1	-0.869934	0.485072	-0.088998	0.425941	0.648054	-0.631347	-0.248573	-0.587139	-0.770376	10 1.570796
12.793472	7.078150	8.682921	1	0.861432	0.505735	-0.046550	0.111400	-0.098736	0.988859	0.495503	-0.857020	-0.141393	10 1.570796
2.843127	22.825011	16.764962	1	0.593344	0.656461	0.465831	-0.480879	0.753172	-0.448876	-0.645521	0.042331	0.762567	10 1.570796
0.040056	19.020460	4.681388	1	0.055854	-0.657997	-0.750946	-0.003822	-0.752256	0.658859	-0.998432	-0.033928	-0.044531	10 1.570796
11.382579	5.534687	10.659839	1	-0.810727	0.024779	-0.584902	0.498142	-0.495647	-0.711468	-0.307534	-0.868171	0.389488	10 1.570796
23.863018	20.622040	8.396538	1	0.572329	-0.238551	0.784560	-0.225172	0.874255	0.430086	-0.788504	-0.422811	0.446649	10 1.570796
23.071785	10.006889	1.370127	1	-0.048578	0.782938	0.620198	-0.918106	0.209528	-0.336422	-0.393348	-0.585751	0.708643	10 1.570796
13.380360	5.485685	21.218346	1	0.131044	0.980784	-0.144538	-0.870971	0.183538	0.455764	0.473534	0.066162	0.878286	10 1.570796
18.376276	16.953492	17.861772	1	0.031539	-0.994149	0.103309	-0.886219	-0.075611	-0.457054	0.462191	-0.077140	-0.883419	10 1.570796
15.140241	16.199687	8.373687	1	0.118934	-0.666370	-0.736073	0.472458	0.690013	-0.548330	0.873292	-0.282549	0.396897	10 1.570796
6.878424	11.015098	9.286219	1	-0.957281	0.286877	-0.036199	0.289085	0.946844	-0.141122	-0.006207	-0.145559	-0.989331	10 1.570796
6.952616	9.046035	0.886326	1	0.401961	-0.675028	0.618678	-0.813531	0.046812	0.579635	-0.420232	-0.736305	-0.530341	10 1.570796
7.914379	8.675854	12.730061	1	-0.641498	0.701154	0.311224	-0.636250	-0.712952	0.294761	0.428561	-0.008927	0.903468	10 1.570796
11.224155	15.223244	25.041488	1	-0.948047	0.215754	0.233792	0.064450	0.849905	-0.522979	-0.311537	-0.480740	-0.819655	10 1.570796
1.797071	14.371517	6.388325	1	0.089668	0.954972	-0.282824	0.688014	0.145932	0.710874	0.720137	-0.258330	-0.643948	10 1.570796
11.223300	18.812093	17.466337	1	-0.258758	-0.380263	-0.887945	0.678418	0.582818	-0.447291	0.687600	-0.718139	0.107169	10 1.570796
11.485286	12.919197	13.659401	1	-0.238761	0.937278	-0.253967	-0.734160	-0.345411	-0.584549	-0.635610	0.046887	0.770585	10 1.570796
15.581535	8.046320	8.020086	1	0.565028	-0.652329	0.505184	0.485555	-0.232134	-0.842823	0.667067	0.721513	0.185581	10 1.570796
20.871155	21.222473	17.139198	1	0.579208	0.658420	-0.480625	-0.197559	-0.458638	-0.866383	-0.790879	0.596769	-0.135570	10 1.570796
3.838200	15.642265	5.524339	1	-0.119275	0.939024	-0.322503	-0.017603	0.322769	0.946315	0.992705	0.118549	-0.021966	10 1.570796
10.047427	9.849799	19.491823	1	0.697819	-0.468637	0.541692	-0.709293	-0.346778	0.613717	-0.099763	-0.812483	-0.574387	10 1.570796
16.118679	23.616138	22.313755	1	0.797241	-0.213227	-0.564750	0.069869	-0.896659	0.437174	-0.599606	-0.387992	-0.699954	10 1.570796
23.798023	8.889046	1.002657	1	0.622798	-0.752712	-0.213413	0.686229	0.656557	-0.313083	0.375779	0.048537	0.925436	10 1.570796
2.476213	2.363310	10.751324	1	-0.778489	-0.620394	-0.095224	-0.441323	0.648918	-0.619792	0.446306	-0.440476	-0.778967	10 1.570796
20.619504	5.586034	8.467463	1	0.452916	-0.679563	0.577114	0.633882	-0.209742	-0.744446	0.626945	0.702995	0.335768	10 1.570796
21.580450	0.993890	5.647906	1	-0.362883	-0.490758	-0.792130	-0.274382	-0.756114	0.594141	-0.890523	0.432952	0.139726	10 1.570796
12.420013	18.493984	14.150566	1	-0.084978	-0.838727	-0.537880	-0.945399	0.238346	-0.222294	0.314648	0.489619	-0.813186	10 1.570796
4.835441	15.927293	20.778456	1	0.192013	-0.001450	-0.981391	0.781853	-0.604179	0.153865	-0.593160	-0.796847	-0.114877	10 1.570796
15.106751	22.122477	0.721726	1	-0.437194	-0.676894	0.592179	0.084829	-0.686541	-0.722127	0.895358	-0.265476	0.357572	10 1.570796
8.849013	3.530473	19.521471	1	0.992891	-0.116781	-0.022980	0.033921	0.092606	0.995124	-0.114083	-0.988832	0.095908	10 1.570796
23.352611	18.302312	26.122395	1	-0.089687	-0.995726	-0.022033	-0.366120	0.053534	-0.929026	0.926236	-0.075256	-0.369360	10 1.570796
0.944069	23.294704	14.526787	1	-0.866015	-0.395510	0.305925	0.124194	-0.762799	-0.634599	0.484348	-0.511577	0.709715	10 1.570796
0.621172	16.527730	7.403502	1	-0.457110	0.369836	0.808870	0.061408	-0.894151	0.443533	0.887287	0.252414	0.386014	10 1.570796
6.414655	22.739427	17.089730	1	0.300085	0.010795	-0.953853	0.930470	0.217006	0.295183	0.210179	-0.976111	0.055078	10 1.570796
17.926370	2.040705	1.662274	1	0.534868	0.759230	0.370796	-0.036652	-0.417584	0.907899	0.844141	-0.499196	-0.195526	10 1.570796
26.103489	24.037662	17.338872	1	0.396101	0.460879	0.794164	-0.489625	0.837696	-0.241933	-0.776770	-0.293013	0.557472	10 1.570796
8.955844	25.528789	6.406824	1	0.430307	0.861097	0.270828	0.018797	0.291410	-0.956414	-0.902488	0.416643	0.109210	10 1.570796
7.553084	12.512520	2.463700	1	0.612791	-0.659138	0.435917	-0.713040	-0.223383	0.664584	-0.340676	-0.718077	-0.606880	10 1.570796
1.702827	20.355846	16.106560	1	0.981882	-0.107636	0.155952	0.102241	-0.391985	-0.914273	0.159538	0.913652	-0.373880	10 1.570796
9.671085	6.827084	6.450559	1	-0.420349	-0.674809	-0.606582	-0.879107	0.137344	0.456411	-0.224679	0.725101	-0.650959	10 1.570796
24.961909	9.561381	25.669803	1	-0.244738	0.955228	-0.166263	-0.066633	-0.187643	-0.979973	-0.967297	-0.228759	0.109573	10 1.570796
6.482511	9.358985	8.170020	1	-0.588040	-0.502661	-0.633673	0.434332	0.464665	-0.771650	0.682323	-0.728985	-0.054920	10 1.570796
22.064570	8.579943	11.098281	1	-0.340873	-0.857937	0.384382	0.666025	0.068176	0.742807	-0.663485	0.509211	0.548169	10 1.570796
14.750935	2.897657	4.017941	1	-0.385582	-0.199867	0.900767	0.908862	-0.250551	0.333452	0.159043	0.947247	0.278261	10 1.570796
7.300163	19.402191	16.764503	1	-0.774691	0.265844	-0.573744	0.094541	0.945828	0.310599	0.625234	0.186376	-0.757857	10 1.570796
13.474556	12.833019	22.785029	1	-0.665700	-0.554748	-0.499097	0.528924	0.121018	-0.839995	0.526385	-0.823170	0.212857	10 1.570796
0.022444	0.906142	1.343262	1	0.603392	-0.765138	-0.224679	-0.774487	-0.495163	-0.393677	0.189965	0.411553	-0.891366	10 1.570796
7.020197	9.367274	5.386083	1	-0.756627	-0.438890	-0.484655	-0.221580	-0.525262	0.821586	-0.615156	0.729025	0.300178	10 1.570796
24.153776	16.502610	7.377159	1	-0.582981	-0.762779	-0.279825	0.804501	-0.590103	-0.067507	-0.113633	-0.264474	0.957674	10 1.570796
9.222631	24.908588	18.739929	1	0.439528	0.671716	0.596332	-0.531060	-0.341104	0.775643	0.724424	-0.657604	0.206796	10 1.570796
6.607121	25.811440	6.711220	1	0.305990	-0.945286	0.113166	-0.926562	-0.323005	-0.192750	0.218758	-0.045874	-0.974700	10 1.570796
11.463363	12.743393	4.316831	1	-0.844013	-0.237549	0.480845	0.536211	-0.355404	0.765615	-0.010979	0.904024	0.427340	10 1.570796
17.566495	14.057522	21.576972	1	-0.963409	-0.041196	-0.264852	0.265257	-0.288532	-0.919994	-0.038519	-0.956584	0.288901	10 1.570796
8.705334	7.459080	19.671806	1	-0.693260	0.685782	0.221570	0.160922	0.446980	-0.879950	-0.702493	-0.574379	-0.420231	10 1.570796
13.105464	9.811287	0.790834	1	-0.652723	0.392564	-0.647954	-0.396380	0.551912	0.733673	0.645627	0.735723	-0.204642	10 1.570796
7.192332	9.749176	19.154731	1	0.475572	0.868619	-0.139050	0.687504	-0.465618	-0.557260	-0.548790	0.169421	-0.818612	10 1.570796
24.900390	17.740323	4.272714	1	-0.890446	-0.197929	0.409795	0.414978	0.016506	0.909680	-0.186817	0.980076	0.067440	10 1.570796
13.891854	24.377986	7.069353	1	-0.156991	-0.938490	-0.307553	-0.020044	-0.308324	0.951070	-0.987398	0.155476	0.029593	10 1.570796
23.944026	9.066180	7.144163	1	0.523134	-0.584206	-0.620512	-0.650854	0.196179	-0.733418	0.550198	0.787538	-0.277604	10 1.570796
18.262620	5.927385	3.725576	1	0.636147	0.639767	-0.431296	-0.440054	-0.158315	-0.883905	-0.633776	0.752086	0.180820	10 1.570796
0.387947	6.893692	21.199913	1	0.235828	-0.546076	-0.803857	0.082821	0.835473	-0.543254	0.968260	0.061540	0.242255	10 1.570796
23.324992	17.939504	23.430419	1	0.072848	-0.916767	0.392718	0.622914	0.349341	0.699956	-0.778890	0.193639	0.596516	10 1.570796
19.694769	22.811416	14.380314	1	0.970540	-0.237081	0.042967	-0.066102	-0.090513	0.993698	-0.231695	-0.967263	-0.103518	10 1.570796
20.858084	14.662884	5.489113	1	-0.394113	-0.666620	0.632686	0.751043	-0.630380	-0.196349	0.529724	0.397793	0.749102	10 1.570796
8.313971	7.776976	11.958290	1	0.537019	-0.734726	-0.414472	-0.530454	0.087916	-0.843144	0.655918	0.672641	-0.342527	10 1.570796
15.933647	15.425565	24.649799	1	-0.917201	0.390001	-0.081498	0.393589	0.855130	-0.337402	-0.061895	-0.341542	-0.937826	10 1.570796
21.518091	8.694367	5.881707	1	0.857882	-0.474002	-0.198392	0.373251	0.840190	-0.393403	0.353159	0.263444	0.897706	10 1.570796
18.659039	2.140276	19.996811	1	0.088967	-0.908890	-0.407438	-0.925490	-0.226639	0.303486	-0.368176	0.350080	-0.861331	10 1.570796
17.780648	25.143699	8.317960	1	0.702871	-0.690360	0.171383	0.564955	0.395406	-0.724210	0.432201	0.605849	0.667944	10 1.570796
0.119423	1.392607	24.231483	1	0.156747	-0.655438	0.738803	-0.424622	0.630660	0.649589	-0.891699	-0.415532	-0.179459	10 1.570796
5.235704	6.123005	25.160866	1	0.198624	-0.175406	-0.964252	0.515707	-0.817932	0.255017	-0.833423	-0.547923	-0.072004	10 1.570796
17.601445	10.102420	13.983715	1	0.371480	0.467433	0.802190	-0.903839	0.379657	0.197324	-0.212323	-0.798352	0.563518	10 1.570796
9.551424	6.545428	20.694100	1	-0.480090	0.845683	0.233098	-0.117715	0.201213	-0.972448	-0.869285	-0.494300	0.002949	10 1.570796
16.891808	24.761101	16.773251	1	0.730248	-0.665028	0.156447	0.634982	0.576203	-0.514574	0.252061	0.475108	0.843054	10 1.570796
1.855090	5.957712	1.967248	1	-0.184625	0.909318	0.372902	0.135539	-0.352242	0.926045	0.973419	0.221514	-0.058216	10 1.570796
22.043070	1.597886	20.786551	1	-0.271839	-0.237962	0.932457	0.002219	0.968787	0.247882	-0.962342	0.069453	-0.262826	10 1.570796
14.162789	17.163705	4.222150	1	0.122555	-0.007146	-0.992435	0.682046	-0.725817	0.089450	-0.720966	-0.687849	-0.084082	10 1.570796
11.112335	12.375004	23.550593	1	0.747594	-0.594726	-0.295642	-0.471816	-0.162279	-0.866634	0.467433	0.787381	-0.401921	10 1.570796
8.321594	8.827658	16.995423	1	-0.446689	0.848552	-0.283598	0.828526	0.272695	-0.489065	-0.337661	-0.453427	-0.824857	10 1.570796
22.306254	3.602639	15.375416	1	-0.312294	0.097872	0.944930	0.513446	0.854271	0.081209	-0.799278	0.510533	-0.317036	10 1.570796
12.941528	11.847202	20.619308	1	0.830804	-0.115306	-0.544490	-0.519700	-0.510847	-0.684797	-0.199190	0.851904	-0.484338	10 1.570796
2.604764	5.603904	17.300199	1	0.213774	0.770210	-0.600898	-0.618191	-0.369625	-0.693699	-0.756399	0.519764	0.397122	10 1.570796
7.246307	13.070671	13.439697	1	0.352777	0.934497	-0.047572	-0.137806	0.102175	0.985176	0.925504	-0.340993	0.164824	10 1.570796
10.834033	16.559918	2.893809	1	-0.820862	0.570997	-0.012077	0.159452	0.208817	-0.964868	-0.548414	-0.793950	-0.262458	10 1.570796
23.530239	23.043301	4.262255	1	0.535337	-0.703716	-0.467116	-0.632827	0.032114	-0.773628	0.559415	0.709755	-0.428139	10 1.570796
8.713854	12.755871	12.668285	1	0.729768	-0.653247	0.201761	0.170993	-0.111338	-0.978962	0.661968	0.748916	0.030450	10 1.570796
19.228193	24.542781	15.437409	1	0.452852	-0.040183	0.890679	0.497769	0.840193	-0.215176	-0.739697	0.540795	0.400487	10 1.570796
22.423483	6.103304	14.248531	1	-0.615096	0.604340	0.506389	0.742017	0.226540	0.630945	0.266590	0.763842	-0.587772	10 1.570796
14.468433	4.066192	22.503622	1	-0.755800	-0.520480	0.397329	-0.187406	-0.409469	-0.892867	0.627414	-0.749291	0.211935	10 1.570796
12.437935	18.899656	24.417083	1	0.354123	0.364301	-0.861326	-0.239013	0.925675	0.293251	0.904141	0.102021	0.414876	10 1.570796
5.259843	19.217378	16.050828	1	-0.258190	0.964885	-0.048326	-0.795724	-0.184025	0.577027	0.547871	0.187437	0.815295	10 1.570796
18.786077	14.136780	4.709709	1	-0.579926	-0.803604	0.133818	-0.183203	-0.031413	-0.982574	0.793803	-0.594335	-0.129005	10 1.570796
14.559990	21.423832	11.273415	1	0.599907	-0.784123	-0.158954	0.780168	0.617359	-0.101013	0.177335	-0.063414	0.982107	10 1.570796
17.132896	2.942282	12.183006	1	0.629852	0.745910	-0.216576	-0.701203	0.665991	0.254491	0.334067	-0.008427	0.942514	10 1.570796
3.300055	5.053503	18.917759	1	0.172348	0.942113	-0.287606	-0.464445	-0.179760	-0.867165	-0.868669	0.283031	0.406580	10 1.570796
16.520375	21.394774	22.838094	1	0.895919	-0.016452	0.443911	-0.408714	0.360930	0.838262	-0.174011	-0.932448	0.316639	10 1.570796
13.819936	9.671666	20.374353	1	-0.435081	-0.860399	-0.265364	-0.380180	0.442707	-0.812081	0.816192	-0.252436	-0.519717	10 1.570796
20.942137	16.643521	25.792179	1	-0.201994	0.163319	0.965673	0.607771	0.794082	-0.007168	-0.767993	0.585461	-0.259659	10 1.570796
25.123630	14.775135	19.674032	1	0.471602	0.105031	0.875532	0.856335	-0.291482	-0.426296	0.210427	0.950792	-0.227405	10 1.570796
26.003616	8.122012	10.706104	1	0.160536	0.409800	-0.897938	0.452685	-0.838984	-0.301962	-0.877100	-0.358007	-0.320200	10 1.570796
18.801508	14.952904	21.108557	1	0.569933	-0.807260	-0.153312	-0.767178	-0.455951	-0.451158	0.294301	0.374748	-0.879177	10 1.570796
25.369356	20.328029	11.800192	1	0.294264	-0.078855	0.952466	0.048903	0.996528	0.067393	-0.954471	0.026747	0.297098	10 1.570796
10.059096	4.090841	4.398229	1	0.384492	-0.834381	0.394933	-0.476684	-0.545826	-0.689093	0.790532	0.076692	-0.607601	10 1.570796
4.632677	21.628970	23.300464	1	0.388907	-0.918890	-0.066273	-0.106611	-0.116340	0.987470	-0.915087	-0.376968	-0.143209	10 1.570796
0.212473	25.716545	4.067931	1	0.187114	0.051437	-0.980992	0.409607	-0.911757	0.030320	-0.892867	-0.407495	-0.191671	10 1.570796
3.194891	23.611160	7.439144	1	-0.992564	-0.091211	0.080597	0.121528	-0.705709	0.697999	-0.006787	0.702604	0.711548	10 1.570796
17.889633	10.110397	20.152935	1	0.169002	-0.779411	-0.603288	0.928538	-0.079370	0.362653	-0.330541	-0.621465	0.710298	10 1.570796
3.027263	0.739359	9.521487	1	-0.565775	-0.723170	0.396136	-0.522505	-0.057217	-0.850712	0.637876	-0.688297	-0.345491	10 1.570796
3.809079	1.026940	4.341581	1	0.101920	0.589623	-0.801222	0.981007	-0.193193	-0.017383	-0.165040	-0.784233	-0.598116	10 1.570796
12.976520	13.983494	9.873466	1	-0.555394	0.187353	-0.810207	0.344770	-0.834732	-0.429364	-0.756749	-0.517802	0.399013	10 1.570796
14.487091	8.996276	4.595186	1	-0.679054	0.606104	-0.414155	0.522134	0.795352	0.307880	0.516005	-0.007178	-0.856554	10 1.570796
13.386375	6.979441	9.826323	1	-0.672088	0.738150	-0.058563	-0.160429	-0.222366	-0.961673	-0.722883	-0.636936	0.267867	10 1.570796
11.949150	11.476490	13.194675	1	0.181562	0.913328	0.364508	0.819699	-0.345335	0.456986	0.543256	0.215816	-0.811354	10 1.570796
2.137614	23.796252	5.752050	1	-0.236930	-0.458118	-0.856735	0.819300	-0.568145	0.077223	-0.522124	-0.683624	0.509946	10 1.570796
5.289095	13.220320	23.235257	1	-0.698860	-0.515354	0.495988	-0.516175	-0.116647	-0.848504	0.495135	-0.849002	-0.184494	10 1.570796
12.422451	0.488335	12.547825	1	0.952745	-0.303005	0.021582	-0.099645	-0.378852	-0.920077	0.286966	0.874447	-0.391144	10 1.570796
20.273371	12.179287	4.724540	1	-0.627144	-0.140084	-0.766204	-0.734270	-0.221886	0.641570	-0.259884	0.964958	0.036296	10 1.570796
0.256271	20.647991	7.071140	1	0.411682	0.908968	-0.065533	-0.109955	-0.021841	-0.993696	-0.904670	0.416294	0.090956	10 1.570796
16.874688	0.262262	4.692981	1	0.654976	0.615415	0.438491	-0.196846	-0.421288	0.885305	0.729561	-0.666170	-0.154791	10 1.570796
2.244759	22.360630	3.180311	1	-0.715075	0.569247	-0.405742	-0.126468	-0.676188	-0.725791	-0.687512	-0.467682	0.555517	10 1.570796
25.254845	14.618248	11.781998	1	-0.231679	-0.880749	0.413048	-0.065055	0.437675	0.896776	-0.970614	0.180893	-0.158697	10 1.570796
13.540794	8.764907	24.427516	1	0.285986	0.512835	0.809450	-0.937257	-0.026086	0.347668	0.199413	-0.858092	0.473196	10 1.570796
21.624933	17.204043	11.104710	1	-0.117939	0.502535	-0.856476	-0.079364	-0.864505	-0.496317	-0.989845	0.009438	0.141841	10 1.570796
2.655219	9.933604	5.050424	1	-0.427069	-0.214810	0.878332	0.783658	-0.572533	0.241015	0.451101	0.791243	0.412849	10 1.570796
3.725585	22.484549	23.754066	1	0.350129	-0.910387	0.220466	0.929973	0.309683	-0.198116	0.112089	0.274393	0.955063	10 1.570796
7.109055	24.823170	20.536034	1	0.425310	0.736037	0.526651	0.772499	-0.598414	0.212480	0.471547	0.316469	-0.823099	10 1.570796
1.542897	18.535291	4.251231	1	-0.865256	-0.357173	-0.351791	-0.022242	-0.673678	0.738689	-0.500835	0.646981	0.574961	10 1.570796
2.689138	19.973404	18.196827	1	0.007143	-0.999274	0.037467	-0.239172	0.034673	0.970360	-0.970950	-0.015891	-0.238750	10 1.570796
7.600432	12.052093	17.429967	1	0.797102	-0.591533	-0.121315	0.594823	0.734582	0.326458	-0.103995	-0.332382	0.937394	10 1.570796
5.134584	7.030306	16.823117	1	0.564277	0.624997	-0.539417	-0.816147	0.323776	-0.478617	-0.124484	0.710318	0.692788	10 1.570796
20.903719	8.531901	3.390771	1	-0.743519	0.040546	-0.667484	0.192746	-0.942803	-0.271974	-0.640335	-0.330874	0.693176	10 1.570796
25.681679	17.405010	15.892673	1	-0.870169	-0.129929	0.475313	-0.467482	-0.087249	-0.879688	0.155767	-0.987675	0.015181	10 1.570796
22.506022	17.867151	19.508932	1	-0.977845	0.178097	0.109995	-0.177061	-0.984013	0.019207	0.111658	-0.000694	0.993746	10 1.570796
11.584938	7.230219	15.102967	1	0.715774	-0.671906	-0.190291	0.629576	0.738786	-0.240481	0.302164	0.052328	0.951819	10 1.570796
24.877056	12.547626	5.689829	1	0.991676	-0.021451	-0.126956	-0.120286	-0.506049	-0.854074	-0.045923	0.862238	-0.504418	10 1.570796
1.366259	0.279648	4.367882	1	0.074257	0.400543	0.913263	-0.740873	-0.590851	0.319378	0.667527	-0.700328	0.252876	10 1.570796
15.317464	16.401468	7.072188	1	-0.983400	0.043846	-0.176068	-0.181337	-0.271191	0.945290	-0.006301	0.961526	0.274641	10 1.570796
3.422762	18.987371	13.614164	1	-0.853374	0.451882	-0.259914	0.510916	0.824023	-0.244851	0.103531	-0.341745	-0.934072	10 1.570796
18.345121	4.099529	21.185217	1	-0.091340	0.875703	0.474135	-0.911230	0.118535	-0.394475	-0.401645	-0.468077	0.787138	10 1.570796
14.995450	11.937294	10.862937	1	-0.518540	-0.104568	-0.848634	0.855038	-0.057664	-0.515349	0.004953	-0.992845	0.119311	10 1.570796
21.716377	24.622055	1.268822	1	-0.034261	0.987894	0.151297	0.942648	-0.018354	0.333284	0.332025	0.154039	-0.930607	10 1.570796
14.788784	19.611248	23.355881	1	0.301476	0.950844	0.070780	-0.944591	0.307951	-0.113633	-0.129843	-0.032599	0.990998	10 1.570796
1.606677	9.795112	8.148997	1	-0.621929	-0.325222	-0.712344	0.767373	-0.071874	-0.637158	0.156022	-0.942903	0.294267	10 1.570796
4.262775	24.667938	7.128054	1	-0.943855	-0.187213	-0.272192	-0.329912	0.576923	0.747205	0.017148	0.795052	-0.606294	10 1.570796
11.549640	15.660062	16.339974	1	-0.642450	0.764196	0.057120	0.162659	0.063144	0.984660	0.748867	0.641887	-0.164869	10 1.570796
12.446983	13.716034	13.867134	1	0.870315	0.459347	0.177625	-0.440430	0.564527	0.698093	0.220395	-0.685792	0.693626	10 1.570796
23.324805	22.551432	20.447748	1	0.260748	-0.486489	0.833869	-0.090335	-0.872254	-0.480636	0.961171	0.049997	-0.271385	10 1.570796
13.823788	22.250075	3.757785	1	-0.309634	0.798534	0.516210	-0.543621	0.296748	-0.785122	-0.780130	-0.523723	0.342215	10 1.570796
1.173207	3.230565	7.543520	1	0.828982	-0.190506	-0.525830	0.557568	0.354942	0.750420	0.043679	-0.915272	0.400462	10 1.570796
15.032235	10.403896	7.761320	1	0.352913	-0.600786	-0.717294	0.902009	0.014717	0.431467	-0.248666	-0.799276	0.547107	10 1.570796
13.547852	25.113018	10.354839	1	-0.166515	-0.714058	-0.679996	-0.765775	-0.340795	0.545387	-0.621178	0.611538	-0.490060	10 1.570796
19.146966	11.303856	15.448875	1	-0.627272	-0.631201	-0.456194	-0.752692	0.340949	0.563215	-0.199964	0.696663	-0.688968	10 1.570796
14.645123	15.229607	23.975185	1	0.332971	-0.941487	-0.052280	-0.010724	0.051659	-0.998607	0.942876	0.333069	0.007104	10 1.570796
2.637337	0.402723	20.866692	1	0.691005	0.703838	-0.164699	0.646322	-0.499563	0.576806	0.323701	-0.505023	-0.800106	10 1.570796
0.517075	8.208830	6.266832	1	-0.914336	0.025290	-0.404166	0.186133	0.912618	-0.363980	0.359646	-0.408029	-0.839148	10 1.570796
0.053337	19.670717	25.975994	1	-0.769102	-0.597493	0.226909	-0.628813	0.770920	-0.101375	-0.114358	-0.220652	-0.968625	10 1.570796
19.207914	25.776165	2.276501	1	-0.767881	0.573692	0.285023	0.627800	0.762429	0.156746	-0.127387	0.299298	-0.945618	10 1.570796
1.624441	13.469027	11.810412	1	-0.602378	-0.785865	0.139855	-0.188855	0.310553	0.931606	-0.775548	0.534767	-0.335484	10 1.570796
13.230663	20.933062	13.996514	1	0.647748	-0.031404	0.761208	-0.682204	-0.468693	0.561181	0.339149	-0.882803	-0.325017	10 1.570796
19.946898	12.468536	13.731232	1	-0.819508	-0.344724	-0.457788	-0.571575	0.549294	0.609572	0.041327	0.761210	-0.647187	10 1.570796
23.854980	0.004133	1.143351	1	-0.241028	-0.177276	0.954190	-0.871297	-0.393538	-0.293203	0.427486	-0.902054	-0.059609	10 1.570796
15.967648	10.457053	8.709376	1	-0.251903	-0.711137	0.656375	-0.570574	0.656960	0.492796	-0.781658	-0.250374	-0.571248	10 1.570796
21.639645	19.610962	8.848930	1	-0.310898	0.112591	-0.943750	-0.893113	0.305036	0.330607	0.325102	0.945661	0.005722	10 1.570796
22.651584	10.493331	8.626460	1	-0.359249	-0.933213	0.007370	-0.633472	0.249648	0.732385	-0.685310	0.258441	-0.680851	10 1.570796
6.436710	11.778667	6.630054	1	-0.914401	-0.223836	-0.337296	0.154386	-0.963074	0.220578	-0.374214	0.149622	0.915192	10 1.570796
23.390449	17.286538	9.502498	1	-0.422704	-0.509629	-0.749398	0.633247	0.425454	-0.646519	0.648318	-0.747841	0.142881	10 1.570796
5.522363	17.834207	18.070825	1	0.068351	0.748004	0.660164	0.866425	0.283549	-0.410982	-0.494606	0.600074	-0.628712	10 1.570796
19.697763	4.633098	15.158475	1	-0.078059	0.326739	-0.941884	-0.449472	-0.854833	-0.259292	-0.889876	0.403114	0.213589	10 1.570796
7.543146	17.134916	15.977166	1	-0.209984	-0.934308	-0.288048	0.956561	-0.135386	-0.258188	0.202231	-0.329752	0.922154	10 1.570796
1.600628	14.253666	13.966717	1	-0.548740	-0.822966	0.147008	0.204535	0.038341	0.978108	-0.810587	0.566795	0.147286	10 1.570796
19.758129	18.859844	7.745838	1	-0.234749	-0.469283	-0.851274	0.969298	-0.178926	-0.168658	-0.073165	-0.864730	0.496880	10 1.570796
3.305104	11.919048	14.474438	1	-0.498437	-0.108596	0.860096	-0.445815	-0.818777	-0.361735	0.743511	-0.563747	0.359696	10 1.570796
5.718492	11.048152	26.082512	1	0.342503	-0.586515	0.733956	-0.487550	-0.778742	-0.394787	0.803109	-0.222626	-0.552677	10 1.570796
11.240189	16.000870	18.453049	1	0.682176	0.175802	0.709737	-0.474872	-0.631571	0.612873	0.555995	-0.755124	-0.347362	10 1.570796
15.600201	21.003788	8.648422	1	-0.987340	-0.024695	0.156693	0.129578	-0.695331	0.706910	0.091496	0.718265	0.689726	10 1.570796
18.202341	22.237765	9.097762	1	0.333810	-0.393492	0.856583	-0.941738	-0.178977	0.284780	0.041249	-0.901738	-0.430309	10 1.570796
18.272001	10.291457	10.340949	1	-0.269570	-0.934572	0.232174	0.772217	-0.065747	0.631948	-0.575337	0.349642	0.739416	10 1.570796
12.791527	7.928582	9.861869	1	-0.718165	0.694623	0.041692	-0.694198	-0.710995	-0.112154	-0.048263	-0.109488	0.992816	10 1.570796
1.927071	22.517340	7.738917	1	0.951111	0.111794	-0.287905	-0.306441	0.457716	-0.834619	0.038474	0.882041	0.469597	10 1.570796
23.744437	11.508064	21.361491	1	0.911962	-0.085654	-0.401234	-0.203287	-0.943812	-0.260567	-0.356372	0.319194	-0.878132	10 1.570796
25.088004	25.043140	4.621025	1	-0.223848	-0.941610	-0.251517	0.937461	-0.137434	-0.319808	0.266568	-0.307376	0.913489	10 1.570796
12.025463	17.000146	6.320421	1	0.142258	-0.022520	-0.989575	0.105143	0.994430	-0.007515	0.984230	-0.102977	0.143833	10 1.570796
12.974819	5.896345	8.482024	1	0.643852	0.074734	0.761490	0.255552	-0.959074	-0.121948	0.721211	0.273116	-0.636602	10 1.570796
2.250525	21.087675	18.533716	1	-0.250143	0.942017	0.223674	-0.344912	0.129163	-0.929706	-0.904690	-0.309706	0.292603	10 1.570796
15.142769	20.833525	14.641949	1	-0.914983	-0.232512	0.329769	-0.176095	-0.505232	-0.844827	0.363042	-0.831071	0.421333	10 1.570796
9.081782	22.391570	3.363442	1	-0.294412	-0.464087	-0.835430	-0.955051	0.174541	0.239609	0.034617	0.868424	-0.494614	10 1.570796
2.783413	11.434261	25.460709	1	-0.103959	0.688568	0.717682	0.696050	0.565802	-0.442021	-0.710426	0.453591	-0.538098	10 1.570796
13.718019	20.486289	19.757299	1	0.953474	-0.123987	0.274797	-0.210641	0.378123	0.901472	-0.215678	-0.917414	0.334413	10 1.570796
0.276199	23.777900	9.505080	1	-0.925602	0.349736	-0.144722	-0.148491	-0.687244	-0.711089	-0.348153	-0.636697	0.688046	10 1.570796
1.500001	15.407884	8.470348	1	-0.287977	-0.957608	-0.007453	0.952821	-0.287297	0.097944	-0.095934	0.021105	0.995163	10 1.570796
21.335829	25.400913	24.229385	1	-0.496023	-0.862807	-0.097596	0.209555	-0.228027	0.950837	-0.842642	0.451185	0.293913	10 1.570796
19.799221	0.773022	19.271236	1	-0.302162	-0.927718	-0.219170	0.443193	-0.340277	0.829333	-0.843968	0.153460	0.513975	10 1.570796
24.626502	26.035473	22.214137	1	0.121230	-0.263164	-0.957104	-0.874050	-0.485300	0.022728	-0.470466	0.833802	-0.288851	10 1.570796
2.732203	10.300949	9.031414	1	0.960324	-0.259577	0.101966	-0.107582	-0.682119	-0.723284	0.257303	0.683616	-0.682981	10 1.570796
6.738493	1.922961	19.154661	1	-0.411600	0.734952	-0.538915	0.500560	-0.311843	-0.807584	-0.761595	-0.602163	-0.239533	10 1.570796
10.642699	7.869608	15.491616	1	-0.240481	0.064388	-0.968515	0.526184	-0.829822	-0.185819	-0.815660	-0.554301	0.165676	10 1.570796
1.892338	14.997597	9.982700	1	0.706453	-0.511919	0.488736	0.643685	0.177606	-0.744394	0.294267	0.840475	0.454983	10 1.570796
21.543585	12.106693	8.622424	1	-0.855549	0.465600	0.226394	0.431646	0.400033	0.808489	0.285866	0.789424	-0.543222	10 1.570796
16.309316	17.313405	8.396388	1	0.366910	-0.891066	0.267171	-0.904550	-0.408791	-0.121169	0.217186	-0.197212	-0.956001	10 1.570796
25.157882	10.967830	16.201997	1	0.924259	0.216840	0.314208	-0.189849	0.975114	-0.114498	-0.331219	0.046174	0.942424	10 1.570796
11.240395	0.106550	10.962608	1	0.215841	0.647189	0.731137	0.586980	0.512380	-0.626835	-0.780299	0.564459	-0.269295	10 1.570796
3.093675	8.589434	22.367385	1	0.307028	0.509800	0.803641	0.733517	0.411259	-0.541126	-0.606372	0.755624	-0.247680	10 1.570796
14.200333	19.999218	6.825321	1	-0.122221	0.871179	0.475509	0.352579	-0.409742	0.841308	0.927766	0.270480	-0.257080	10 1.570796
16.863763	0.901030	9.808776	1	-0.179040	-0.229450	0.956713	-0.605311	-0.740901	-0.290970	0.775593	-0.631203	-0.006238	10 1.570796
18.531889	1.249424	12.361805	1	0.417989	-0.870688	0.259204	-0.502393	0.016174	0.864489	-0.756890	-0.491569	-0.430667	10 1.570796
21.967330	8.169123	18.876146	1	0.306675	0.714555	-0.628777	-0.071842	0.676105	0.733297	0.949098	-0.179711	0.258678	10 1.570796
18.586936	11.821337	25.802468	1	0.477947	-0.343977	-0.808237	-0.852885	-0.401844	-0.333330	-0.210129	0.848646	-0.485432	10 1.570796
17.565320	25.405521	3.910501	1	0.872587	-0.485901	0.049892	-0.308006	-0.626628	-0.715870	0.379109	0.609292	-0.696448	10 1.570796
15.633794	17.309655	0.256342	1	-0.565670	-0.043405	-0.823489	0.741865	-0.462829	-0.485206	-0.360075	-0.885383	0.294008	10 1.570796
25.204280	8.256304	11.871944	1	0.538282	-0.492082	-0.684184	0.036006	-0.797663	0.602028	-0.841994	-0.348695	-0.411649	10 1.570796
2.112719	10.086936	25.660804	1	-0.127363	0.849580	0.511851	-0.504472	0.388835	-0.770920	-0.853982	-0.356402	0.379067	10 1.570796
11.729903	1.225682	2.869646	1	0.867059	0.276050	-0.414735	-0.224566	0.959645	0.169266	0.444723	-0.053627	0.894061	10 1.570796
4.679914	8.678519	16.203099	1	-0.699423	-0.643526	0.310941	-0.709658	0.676942	-0.195290	-0.084815	-0.357250	-0.930151	10 1.570796
13.407043	5.792402	7.300635	1	0.568219	0.151523	-0.808807	-0.715651	0.576150	-0.394835	0.406170	0.803175	0.435817	10 1.570796
1.227988	15.109513	18.489542	1	0.214826	-0.014625	0.976542	0.929954	-0.302423	-0.209105	0.298388	0.953062	-0.051369	10 1.570796
5.814325	25.048950	22.433147	1	-0.661716	0.659752	0.356174	0.584679	0.751458	-0.305716	-0.469344	0.005948	-0.882993	10 1.570796
1.192368	25.009990	19.190092	1	0.506370	-0.776015	0.376014	-0.160636	0.343531	0.925300	-0.847222	-0.528946	0.049298	10 1.570796
3.894033	21.084816	20.303288	1	0.251971	0.960550	-0.117709	0.121566	-0.152087	-0.980862	-0.960071	0.232839	-0.155091	10 1.570796
7.170672	18.185075	14.970864	1	-0.660285	-0.633251	0.403747	-0.622638	0.160980	-0.765772	0.419932	-0.757018	-0.500581	10 1.570796
11.936084	7.896548	7.925143	1	-0.378491	-0.912701	-0.154021	-0.883686	0.306802	0.353514	-0.275400	0.269908	-0.922663	10 1.570796
25.857834	25.893188	14.924431	1	-0.254771	0.233890	-0.938289	-0.966815	-0.080554	0.242438	-0.018878	0.968921	0.246649	10 1.570796
17.382427	3.122173	8.426994	1	0.646196	-0.009284	0.763116	-0.763092	-0.022212	0.645907	0.010954	-0.999712	-0.021438	10 1.570796
16.247875	11.891895	2.059740	1	0.816011	0.274613	-0.508640	-0.549081	0.093235	-0.830554	-0.180658	0.957022	0.226865	10 1.570796
10.487586	13.882588	14.141972	1	0.839656	0.500092	0.211862	-0.219822	-0.043788	0.974556	0.496645	-0.864864	0.073164	10 1.570796
14.941257	2.714003	20.315437	1	-0.897483	0.183607	-0.401012	-0.415671	-0.656092	0.629889	-0.147449	0.732006	0.665153	10 1.570796
18.920976	11.882637	6.848536	1	0.734122	-0.591651	0.333184	0.152203	0.621586	0.768417	-0.661739	-0.513401	0.546369	10 1.570796
18.224094	24.187490	9.465055	1	-0.493961	-0.780068	-0.384050	-0.818393	0.566302	-0.097642	0.293655	0.266073	-0.918134	10 1.570796
11.109745	18.768490	14.163441	1	0.272405	0.277669	-0.921246	-0.480079	-0.790538	-0.380228	-0.833859	0.545846	-0.082043	10 1.570796
8.401370	18.623560	19.955034	1	-0.257790	0.149154	0.954618	0.172669	-0.964996	0.197404	0.950646	0.215722	0.223011	10 1.570796
7.204975	2.565310	1.793024	1	0.867022	-0.223947	0.445105	-0.366793	-0.891477	0.265948	0.337242	-0.393845	-0.855076	10 1.570796
9.060473	2.798081	18.023027	1	-0.729133	0.676868	0.101068	0.156959	0.309137	-0.937976	-0.666129	-0.668045	-0.331643	10 1.570796
7.917923	15.445457	5.622849	1	-0.089896	-0.975521	-0.200696	-0.024531	0.203619	-0.978742	0.995651	-0.083062	-0.042236	10 1.570796
11.203686	8.440479	4.961580	1	0.087053	0.892788	0.441986	0.948885	0.060803	-0.309708	-0.303377	0.446357	-0.841860	10 1.570796
4.489106	12.729935	3.290704	1	0.508563	0.664974	-0.546966	0.743486	-0.659549	-0.110564	-0.434274	-0.350431	-0.829821	10 1.570796
17.361387	12.707630	8.084357	1	-0.420540	-0.855292	0.302686	0.022847	-0.343500	-0.938875	0.906986	-0.387920	0.163997	10 1.570796
