8000
0.0	0.0	0.0
26.118735	0.000000	0.000000	
0.000000	26.118735	0.000000	
0.000000	0.000000	26.118735	
25.399519	6.223046	5.174963	1	0.827660	-0.286001	-0.482889	0.341513	-0.426123	0.837728	-0.445362	-0.858268	-0.255011	10 1.570796
22.782782	15.016157	7.240030	1	0.468854	-0.348311	-0.811699	0.881841	0.236944	0.407695	0.050322	-0.906940	0.418248	10 1.570796
20.281004	10.354700	5.665075	1	-0.381298	0.310991	-0.870573	-0.361956	-0.916756	-0.168958	-0.850647	0.250686	0.462122	10 1.570796
3.832956	23.871946	8.899897	1	0.813102	-0.544871	0.204891	0.273759	0.668540	0.691456	-0.513732	-0.506134	0.692753	10 1.570796
15.955326	2.556348	15.944126	1	0.897202	0.342395	0.278918	-0.375487	0.923896	0.073676	-0.232466	-0.170831	0.957485	10 1.570796
15.058265	10.463522	6.381440	1	-0.251476	0.926959	0.278401	0.931989	0.309509	-0.188681	-0.261067	0.212017	-0.941750	10 1.570796
19.355577	13.002416	9.175946	1	-0.707589	0.518813	0.479740	-0.321957	-0.841062	0.434694	0.629017	0.153129	0.762161	10 1.570796
23.794308	25.149660	2.935123	1	0.943880	0.328261	-0.036561	0.327037	-0.913339	0.242611	0.046248	-0.240952	-0.969434	10 1.570796
10.539781	15.412486	20.316022	1	-0.020321	0.691888	-0.721718	-0.018913	-0.722004	-0.691629	-0.999614	-0.000405	0.027757	10 1.570796
9.783651	1.645983	25.122250	1	0.973748	0.114357	0.196817	-0.058134	0.960907	-0.270700	-0.220079	0.252152	0.942329	10 1.570796
3.232391	18.752231	9.355999	1	-0.877873	0.058208	-0.475344	0.320127	0.809550	-0.492084	0.356172	-0.584158	-0.729316	10 1.570796
6.070504	16.498612	24.234628	1	-0.504169	0.846146	-0.172772	-0.355217	-0.385535	-0.851577	-0.787168	-0.367968	0.494940	10 1.570796
23.214073	16.967965	1.159322	1	-0.372134	0.634517	0.677424	0.200186	0.767533	-0.608949	-0.906334	-0.091000	-0.412646	10 1.570796
10.947229	8.259623	15.715364	1	-0.884316	0.461677	0.069573	0.208658	0.257493	0.943482	0.417670	0.848853	-0.324038	10 1.570796
3.724339	20.675937	22.114506	1	0.311553	0.917932	-0.245629	0.716031	-0.396722	-0.574378	-0.624687	0.003073	-0.780869	10 1.570796
1.837479	17.646349	0.903594	1	-0.510408	0.746727	-0.426475	-0.192991	-0.582759	-0.789397	-0.837997	-0.320608	0.441556	10 1.570796
18.217673	25.732684	12.027187	1	-0.241361	0.758337	0.605531	-0.112348	-0.641619	0.758750	0.963910	0.115103	0.240060	10 1.570796
12.814869	15.515430	14.220213	1	0.055214	0.813424	0.579043	-0.998265	0.056835	0.015346	-0.020427	-0.578886	0.815152	10 1.570796
3.914242	6.229215	0.409735	1	0.117033	0.588571	-0.799930	-0.769495	0.562941	0.301618	0.627837	0.580243	0.518785	10 1.570796
19.833573	9.395779	2.339953	1	-0.263311	-0.710166	-0.652939	0.719145	0.306648	-0.623535	0.643039	-0.633741	0.429969	10 1.570796
2.352238	19.198282	6.043821	1	0.179238	-0.748727	0.638186	-0.895181	-0.393194	-0.209883	0.408076	-0.533673	-0.740721	10 1.570796
14.073068	21.331426	3.126518	1	-0.557339	0.822045	-0.116688	-0.728426	-0.551556	-0.406423	-0.398458	-0.141516	0.906203	10 1.570796
16.345678	13.291086	21.317862	1	-0.003418	0.810396	0.585874	0.044959	0.585409	-0.809490	-0.998983	0.023574	-0.038435	10 1.570796
17.719095	14.420687	26.114889	1	0.423111	0.242758	-0.872953	-0.630508	-0.613032	-0.476078	-0.650720	0.751839	-0.106319	10 1.570796
14.951152	4.434895	12.344559	1	0.596289	-0.684716	-0.419050	0.575858	0.728533	-0.370982	0.559310	-0.020101	0.828715	10 1.570796
9.708803	18.130606	7.321905	1	-0.715524	-0.514056	-0.473046	0.696909	-0.572173	-0.432359	-0.048408	-0.639033	0.767653	10 1.570796
20.093026	3.574938	0.808232	1	-0.343676	-0.827770	-0.443493	-0.925007	0.379872	0.007795	0.162018	0.412912	-0.896245	10 1.570796
22.093653	15.312209	24.067670	1	0.416929	0.243082	-0.875832	-0.432917	0.900369	0.043805	0.799220	0.360899	0.480626	10 1.570796
9.986517	13.419794	22.010836	1	-0.835307	-0.549034	0.028685	-0.137139	0.157550	-0.977941	0.532404	-0.820816	-0.206896	10 1.570796
19.019125	3.275183	22.372416	1	-0.767211	0.518567	-0.377458	0.408472	0.848756	0.335805	0.494507	0.103452	-0.862996	10 1.570796
7.863532	12.987290	24.986284	1	0.441759	-0.256750	-0.859610	0.204873	0.961726	-0.181966	0.873429	-0.095726	0.477451	10 1.570796
13.581994	2.728112	4.085005	1	-0.041093	0.985760	-0.163059	0.630451	0.152188	0.761164	0.775140	-0.071520	-0.627728	10 1.570796
25.131083	16.574624	15.135123	1	0.538905	-0.468335	-0.700172	-0.374756	-0.877705	0.298646	-0.754412	0.101451	-0.648513	10 1.570796
10.142930	10.856188	11.156573	1	-0.063318	-0.853248	0.517647	-0.166812	-0.502344	-0.848424	0.983953	-0.140070	-0.110526	10 1.570796
26.103770	24.394796	12.181038	1	0.341685	0.870911	-0.353217	0.826059	-0.099074	0.554808	0.448193	-0.481349	-0.753277	10 1.570796
9.909726	15.168418	2.193858	1	-0.659758	-0.678464	0.323120	0.204758	0.251408	0.945974	-0.723046	0.690276	-0.026948	10 1.570796
12.620373	3.840866	11.897895	1	-0.548599	-0.825376	0.133388	0.039347	-0.184849	-0.981979	0.835159	-0.533465	0.133883	10 1.570796
22.205142	5.640866	2.997835	1	0.195995	-0.525181	-0.828112	-0.575530	0.622135	-0.530768	0.793947	0.580629	-0.180322	10 1.570796
4.687056	1.214676	24.852850	1	0.470513	0.500006	-0.727057	-0.701672	0.711625	0.035307	0.535045	0.493542	0.685670	10 1.570796
7.046530	1.258207	8.038321	1	-0.575864	0.455584	0.678840	-0.572596	-0.817425	0.062855	0.583536	-0.352505	0.731591	10 1.570796
17.803205	5.610508	10.626333	1	0.859393	-0.418929	-0.293157	-0.500910	-0.574718	-0.647139	0.102624	0.702991	-0.703755	10 1.570796
20.204434	1.009750	2.837007	1	0.140505	0.942145	0.304335	-0.078763	-0.295774	0.952005	0.986942	-0.157733	0.032649	10 1.570796
4.342497	24.270540	7.688578	1	-0.683318	-0.301826	0.664815	0.729604	-0.247993	0.637322	-0.027491	0.920544	0.389671	10 1.570796
13.626558	9.402348	16.742947	1	0.429307	0.190251	-0.882893	-0.895904	0.213355	-0.389659	0.114237	0.958272	0.262040	10 1.570796
16.220059	24.106111	9.290711	1	0.937268	0.285062	-0.200674	0.001455	0.572433	0.819950	0.348606	-0.768805	0.536108	10 1.570796
6.545228	1.725861	19.831364	1	0.831960	-0.552379	-0.052152	-0.425170	-0.574317	-0.699565	0.356474	0.604184	-0.712663	10 1.570796
0.318425	23.851884	16.651417	1	0.601400	-0.438426	0.667908	-0.734237	0.026290	0.678383	-0.314979	-0.898383	-0.306097	10 1.570796
6.024618	12.067476	5.039745	1	0.425092	-0.601914	-0.676015	0.184522	0.788798	-0.586302	0.886141	0.124492	0.446377	10 1.570796
10.340837	21.225099	15.002291	1	-0.733096	-0.635308	-0.242801	0.560297	-0.361778	-0.745107	0.385533	-0.682276	0.621180	10 1.570796
18.413863	20.188683	18.241991	1	0.719180	0.332284	-0.610218	-0.685555	0.196388	-0.701032	-0.113103	0.922508	0.369038	10 1.570796
24.281542	11.181089	15.514162	1	-0.269581	-0.640330	0.719238	-0.148973	0.765630	0.625794	-0.951385	0.061556	-0.301791	10 1.570796
14.309239	3.446181	3.013909	1	-0.037441	-0.957748	-0.285163	0.350538	0.254643	-0.901265	0.935800	-0.133705	0.326194	10 1.570796
6.267199	13.237890	16.550367	1	-0.268097	0.221060	-0.937688	0.250604	0.955813	0.153684	0.930226	-0.193785	-0.311649	10 1.570796
3.144047	17.981615	5.629450	1	0.268048	0.301335	-0.915067	-0.560928	-0.723412	-0.402534	-0.783268	0.621187	-0.024882	10 1.570796
12.690641	13.088640	17.302256	1	-0.361429	-0.187946	-0.913261	-0.064556	0.982168	-0.176579	0.930162	-0.004864	-0.367117	10 1.570796
20.838929	1.484512	5.705235	1	0.411374	0.839714	0.354477	0.888004	-0.281559	-0.363557	-0.205477	0.464334	-0.861495	10 1.570796
18.533789	17.168637	5.933175	1	-0.416443	-0.737184	0.532105	-0.705191	-0.107488	-0.700823	0.573831	-0.667087	-0.475094	10 1.570796
2.482908	4.612787	19.929491	1	0.055255	0.961043	-0.270822	-0.761503	-0.134870	-0.633974	-0.645803	0.241261	0.724384	10 1.570796
24.216466	16.204262	1.830357	1	-0.153150	0.230512	0.960941	0.691191	-0.669985	0.270877	0.706257	0.705679	-0.056719	10 1.570796
19.429976	1.434666	5.427706	1	-0.849366	0.505743	-0.151008	-0.310477	-0.710116	-0.631933	-0.426828	-0.489857	0.760170	10 1.570796
3.022294	4.140700	13.662408	1	0.797188	-0.603482	-0.017338	0.545797	0.708118	0.447968	-0.258064	-0.366578	0.893881	10 1.570796
13.236807	8.411013	10.378969	1	-0.008388	-0.368909	-0.929427	-0.609368	-0.735056	0.297258	-0.792843	0.568857	-0.218634	10 1.570796
5.045812	11.095858	4.527753	1	-0.148109	0.981585	-0.120636	-0.112550	0.104458	0.988141	0.982545	0.159931	0.095007	10 1.570796
2.425207	8.143679	5.396835	1	-0.714730	0.685009	-0.141149	-0.615411	-0.520068	0.592282	0.332312	0.510186	0.793272	10 1.570796
22.080091	25.832769	3.693737	1	-0.672867	0.736586	-0.068489	0.710509	0.617706	-0.337069	-0.205973	-0.275464	-0.938985	10 1.570796
17.363138	16.838204	22.670696	1	-0.782684	-0.468992	0.409210	0.621428	-0.625876	0.471280	0.035089	0.623159	0.781309	10 1.570796
4.783723	14.848738	15.064711	1	-0.357510	-0.732598	-0.579212	-0.811999	-0.062545	0.580299	-0.461352	0.677781	-0.572508	10 1.570796
25.035356	11.375294	11.802425	1	-0.329330	-0.854122	-0.402514	0.123453	-0.461587	0.878464	-0.936110	0.239613	0.257459	10 1.570796
9.724305	5.537625	18.451670	1	0.429882	0.363488	0.826486	0.893441	-0.303309	-0.331313	0.130251	0.880841	-0.455142	10 1.570796
26.086491	21.424276	23.856081	1	-0.608416	0.788926	0.086176	-0.740658	-0.525454	-0.418715	-0.285053	-0.318580	0.904021	10 1.570796
8.705875	19.850056	25.791358	1	-0.966223	0.022961	0.256682	0.257569	0.118576	0.958957	-0.008418	0.992681	-0.120484	10 1.570796
1.950392	2.060540	4.521230	1	0.519280	0.323341	0.791074	-0.571817	-0.556465	0.602801	0.635116	-0.765374	-0.104070	10 1.570796
0.548901	23.886816	19.562227	1	0.660047	-0.750169	0.039797	-0.714493	-0.610530	0.341690	-0.232029	-0.253966	-0.938968	10 1.570796
11.723064	22.941272	17.860247	1	0.802569	0.412568	-0.430895	0.364337	0.232966	0.901657	0.472379	-0.880634	0.036657	10 1.570796
5.277422	6.360986	4.554157	1	0.533725	0.806342	-0.254854	-0.831802	0.554902	0.013686	0.152455	0.204682	0.966882	10 1.570796
20.120049	9.924092	9.347664	1	-0.737057	-0.277434	-0.616262	-0.583718	0.720906	0.373589	0.340622	0.635079	-0.693291	10 1.570796
14.933852	5.141548	10.901880	1	-0.364502	-0.919744	-0.145630	-0.858336	0.392493	-0.330469	0.361107	0.004544	-0.932513	10 1.570796
8.121454	23.383749	23.140978	1	-0.844257	0.416862	0.336831	0.170037	0.804362	-0.569288	-0.508249	-0.423352	-0.749971	10 1.570796
3.632311	20.229279	11.702365	1	-0.928092	-0.364541	0.075867	0.159980	-0.206404	0.965299	-0.336231	0.908025	0.249881	10 1.570796
10.818506	9.405663	14.384283	1	0.686964	-0.717514	-0.115140	0.713691	0.695987	-0.079043	0.136851	-0.027874	0.990199	10 1.570796
2.944834	18.454397	17.251669	1	0.843468	0.127043	-0.521942	-0.232544	-0.789515	-0.567970	-0.484236	0.600439	-0.636388	10 1.570796
8.103731	6.745646	2.788626	1	0.835816	0.537692	-0.110901	-0.155085	0.037461	-0.987190	-0.526650	0.842309	0.114699	10 1.570796
10.674627	3.366586	3.789564	1	-0.303882	-0.509035	0.805319	0.941291	-0.029941	0.336266	-0.147060	0.860224	0.488248	10 1.570796
19.081848	21.483587	16.969644	1	-0.221679	0.933425	0.282091	-0.075422	0.272010	-0.959334	-0.972199	-0.233939	0.010102	10 1.570796
10.108931	15.090727	11.615705	1	-0.533778	-0.622316	0.572541	0.817830	-0.552075	0.162387	0.215029	0.554918	0.803635	10 1.570796
12.382212	16.206686	9.103876	1	-0.415040	0.005109	-0.909787	0.445677	0.872928	-0.198414	0.793168	-0.487821	-0.364577	10 1.570796
4.898593	13.652411	25.910888	1	0.999137	-0.041050	0.006157	-0.015110	-0.497815	-0.867151	0.038661	0.866311	-0.498007	10 1.570796
10.917688	11.972034	23.228826	1	0.246634	-0.968092	0.044364	0.198866	0.005753	-0.980009	0.948484	0.250526	0.193940	10 1.570796
11.663306	25.295656	18.989490	1	0.279087	-0.189246	0.941433	-0.468154	0.829170	0.305463	-0.838417	-0.525987	0.142814	10 1.570796
0.501526	12.900648	0.907806	1	-0.659015	0.653770	-0.371868	0.058546	-0.448329	-0.891949	-0.749848	-0.609579	0.257180	10 1.570796
18.389528	19.199282	15.141779	1	0.410722	0.219155	-0.885030	0.351515	-0.933703	-0.068078	-0.841276	-0.283141	-0.460530	10 1.570796
2.119383	17.874710	18.210155	1	0.494579	-0.361560	0.790357	0.831040	0.462991	-0.308237	-0.254482	0.809267	0.529458	10 1.570796
22.621738	19.575092	9.377652	1	-0.010587	-0.976468	-0.215401	-0.370151	-0.196283	0.907998	-0.928911	0.089343	-0.359363	10 1.570796
2.155850	1.437280	18.764575	1	0.303001	0.933522	-0.191643	-0.442514	-0.040279	-0.895856	-0.844021	0.356250	0.400893	10 1.570796
8.077895	9.633004	4.214490	1	-0.889592	0.060545	0.452725	0.070685	-0.960988	0.267409	0.451255	0.269884	0.850607	10 1.570796
2.553776	7.840521	13.560831	1	0.597488	0.801515	0.024143	-0.432830	0.347705	-0.831720	-0.675031	0.486495	0.554669	10 1.570796
11.631903	6.294020	25.910757	1	-0.834109	0.474211	-0.281757	-0.470477	-0.344972	0.812186	0.287950	0.810011	0.510850	10 1.570796
2.638944	13.473504	3.004947	1	0.214622	0.830011	-0.514798	0.879573	-0.393392	-0.267569	-0.424602	-0.395376	-0.814487	10 1.570796
21.851263	4.771131	13.672277	1	-0.365748	-0.198299	0.909344	-0.822906	-0.387546	-0.415494	0.434806	-0.900269	-0.021436	10 1.570796
18.634230	2.800379	15.446722	1	0.702558	0.546966	-0.455234	-0.686351	0.689794	-0.230448	0.187971	0.474354	0.860033	10 1.570796
23.669840	0.776203	14.709669	1	-0.911972	0.402481	0.079466	0.066621	-0.045835	0.996725	0.404805	0.914280	0.014987	10 1.570796
11.407200	19.981493	9.157683	1	0.865307	-0.376928	-0.330407	-0.406396	-0.141715	-0.902641	0.293407	0.915338	-0.275808	10 1.570796
7.121019	21.202772	22.077147	1	-0.766026	-0.591136	-0.252511	-0.502783	0.795753	-0.337621	0.400517	-0.131668	-0.906780	10 1.570796
6.754694	14.087931	24.865435	1	-0.461654	-0.696500	0.549331	-0.384543	-0.400921	-0.831499	0.799376	-0.595106	-0.082746	10 1.570796
18.927871	6.891832	16.567544	1	-0.279280	0.927435	0.248731	-0.797530	-0.079791	-0.597978	-0.534739	-0.365373	0.761942	10 1.570796
22.027646	14.397006	1.201440	1	0.731035	0.588419	-0.345471	-0.142496	0.626792	0.766046	0.667296	-0.510777	0.542056	10 1.570796
1.047861	13.337416	18.976568	1	-0.568296	0.780472	0.260582	0.732891	0.336164	0.591495	0.374046	0.527122	-0.763041	10 1.570796
4.008217	21.571869	10.962601	1	0.313012	0.557597	-0.768836	0.152002	-0.828491	-0.538978	-0.937506	0.051840	-0.344083	10 1.570796
20.822671	23.059772	23.053001	1	-0.788356	0.233959	-0.568998	0.486499	-0.329045	-0.809350	-0.376580	-0.914873	0.145584	10 1.570796
13.592538	2.421752	1.270034	1	0.858160	0.510813	-0.051321	-0.381859	0.701926	0.601235	0.343140	-0.496360	0.797422	10 1.570796
0.470278	2.895077	9.980448	1	0.204733	0.966612	-0.154099	-0.349772	0.219287	0.910808	0.914191	-0.132573	0.382989	10 1.570796
8.000167	2.055210	18.725638	1	0.659868	0.285688	0.694950	0.585359	-0.775339	-0.237075	0.471093	0.563235	-0.678852	10 1.570796
11.140200	10.581549	9.956095	1	0.292751	-0.945337	-0.143647	-0.695750	-0.313649	0.646185	-0.655917	-0.089229	-0.749540	10 1.570796
0.405362	18.432917	3.679539	1	-0.819228	-0.494727	-0.290020	0.358504	-0.047093	-0.932339	0.447596	-0.867772	0.215940	10 1.570796
3.618139	8.503391	13.811441	1	-0.506351	-0.858576	-0.080343	0.133819	-0.170277	0.976268	-0.851881	0.483582	0.201115	10 1.570796
19.633368	5.976538	23.451212	1	0.187541	0.359632	-0.914053	-0.604133	0.775973	0.181353	0.774501	0.518199	0.362792	10 1.570796
9.555963	9.838228	7.913543	1	-0.979925	-0.050813	-0.192784	0.192140	-0.498696	-0.845212	-0.053194	-0.865286	0.498448	10 1.570796
19.734661	11.917434	7.712680	1	0.247788	-0.390549	0.886607	0.857965	-0.336609	-0.388060	0.449996	0.856834	0.251669	10 1.570796
12.742783	22.947632	24.706068	1	0.774591	0.245070	-0.583052	0.556078	0.175286	0.812433	0.301305	-0.953527	-0.000503	10 1.570796
13.057314	22.152739	3.943050	1	-0.235348	-0.684704	0.689777	0.971760	-0.178286	0.154584	0.017134	0.706680	0.707326	10 1.570796
12.022842	15.666652	21.303312	1	-0.191912	0.727910	-0.658268	0.084697	0.680517	0.727820	0.977749	0.083925	-0.192251	10 1.570796
9.629137	24.763533	20.194685	1	0.724548	0.471112	0.503074	0.187076	0.568081	-0.801426	-0.663349	0.674784	0.323468	10 1.570796
2.792285	1.579950	5.579439	1	-0.824830	0.523798	-0.212814	-0.539178	-0.615490	0.574857	0.170124	0.588905	0.790095	10 1.570796
24.072989	20.787596	8.460855	1	0.420990	0.278405	-0.863284	-0.897651	0.264642	-0.352403	0.130351	0.923285	0.361321	10 1.570796
19.022529	20.008648	4.026629	1	0.755325	-0.581496	-0.302234	0.655133	0.681822	0.325453	0.016819	-0.443827	0.895955	10 1.570796
1.528845	7.653758	2.619992	1	0.393134	0.583358	0.710732	-0.798530	0.599825	-0.050627	-0.455847	-0.547638	0.701638	10 1.570796
14.186506	11.285170	2.797106	1	-0.376562	-0.784007	-0.493492	0.688103	-0.593377	0.417635	-0.620257	-0.182306	0.762919	10 1.570796
20.648641	14.525286	3.459719	1	-0.360490	-0.880677	-0.307334	-0.932711	0.336868	0.128727	-0.009836	0.333058	-0.942855	10 1.570796
4.921758	3.807764	15.601306	1	-0.477296	0.149221	0.865980	0.544890	-0.722889	0.424886	0.689408	0.674660	0.263724	10 1.570796
18.650602	24.811613	20.307188	1	-0.784302	-0.618422	-0.049231	0.305393	-0.453946	0.837059	-0.540004	0.641472	0.544894	10 1.570796
8.809055	1.210359	16.376671	1	0.181610	-0.004725	0.983360	0.315502	0.947402	-0.053716	-0.931384	0.320007	0.173549	10 1.570796
22.739959	18.344672	20.972879	1	-0.379282	-0.779637	0.498309	0.585295	0.214957	0.781807	-0.716641	0.588183	0.374790	10 1.570796
5.726027	16.225804	10.770556	1	-0.665850	-0.544047	0.510546	0.180006	0.546939	0.817592	-0.724045	0.636295	-0.266249	10 1.570796
3.123130	5.158897	5.643835	1	-0.421032	-0.239679	-0.874806	0.472681	0.765169	-0.437136	0.774147	-0.597552	-0.208868	10 1.570796
14.436281	18.515879	25.383028	1	-0.477972	-0.323345	0.816696	-0.747453	-0.338639	-0.571521	0.461365	-0.883612	-0.079827	10 1.570796
1.445850	6.693880	10.282571	1	0.703702	-0.681724	-0.200134	0.258691	-0.016504	0.965820	-0.661726	-0.731423	0.164743	10 1.570796
23.903828	15.284835	23.823147	1	0.463262	-0.123231	-0.877611	0.839197	-0.257289	0.479114	-0.284842	-0.958444	-0.015777	10 1.570796
0.664767	25.244719	23.388596	1	-0.114950	0.567315	0.815439	0.293023	0.803719	-0.517854	-0.949169	0.179415	-0.258622	10 1.570796
20.895810	18.678447	0.708661	1	-0.024245	-0.436796	-0.899234	-0.218824	-0.875366	0.431102	-0.975463	0.207228	-0.074358	10 1.570796
7.441248	7.173716	16.982759	1	0.400805	0.850880	-0.339643	-0.914173	0.347009	-0.209463	-0.060369	0.394447	0.916933	10 1.570796
12.646638	21.753950	22.545765	1	-0.504023	-0.530501	0.681563	-0.096356	-0.749665	-0.654766	0.858299	-0.395690	0.326731	10 1.570796
2.497501	4.303581	4.945175	1	0.791494	-0.505603	-0.343369	0.119027	0.678576	-0.724823	0.599473	0.532824	0.597270	10 1.570796
13.774148	21.748282	23.318142	1	0.340126	-0.937148	0.077906	0.652182	0.175392	-0.737495	0.677477	0.301650	0.670846	10 1.570796
15.242853	25.773943	23.146276	1	-0.284577	0.135637	0.949009	0.609781	0.789471	0.070020	-0.739718	0.598614	-0.307373	10 1.570796
14.591067	5.959996	2.963960	1	0.496097	-0.835279	0.237051	-0.138891	0.193157	0.971288	-0.857086	-0.514778	-0.020188	10 1.570796
8.101427	7.276636	19.408464	1	0.752735	0.620377	0.220283	0.162950	-0.499775	0.850689	0.637839	-0.604447	-0.477288	10 1.570796
24.548842	7.511424	9.962788	1	-0.991758	0.003893	0.128067	0.114999	0.467786	0.876328	-0.056497	0.883833	-0.464378	10 1.570796
24.155485	3.605618	2.759552	1	0.834299	0.545967	0.076585	0.551156	-0.822663	-0.139472	-0.013143	0.158572	-0.987259	10 1.570796
18.696680	24.659830	15.738974	1	-0.921536	-0.354051	-0.159435	-0.346307	0.563703	0.749873	-0.175620	0.746249	-0.642084	10 1.570796
1.968373	13.608110	24.845915	1	-0.414970	0.695286	-0.586837	-0.078323	-0.669897	-0.738312	-0.906458	-0.260414	0.332443	10 1.570796
0.926614	7.654891	20.641252	1	-0.880747	0.088216	-0.465297	0.242748	-0.759519	-0.603492	-0.406640	-0.644475	0.647532	10 1.570796
18.244719	14.125937	2.921391	1	0.323116	-0.934827	-0.147282	-0.628731	-0.328372	0.704890	-0.707313	-0.135163	-0.693857	10 1.570796
11.024406	6.149366	20.575347	1	0.492143	0.393852	-0.776323	0.727625	0.303435	0.615214	0.477867	-0.867646	-0.137243	10 1.570796
8.642723	7.367350	7.686724	1	-0.613432	-0.302163	0.729656	0.605871	0.412578	0.680220	-0.506577	0.859348	-0.070016	10 1.570796
21.832465	5.425192	19.170600	1	0.999326	-0.035736	-0.008301	-0.035890	-0.905317	-0.423220	0.007608	0.423233	-0.905990	10 1.570796
16.587643	13.946180	20.298703	1	0.514164	-0.636182	-0.575246	0.841215	0.504876	0.193534	0.167305	-0.583414	0.794756	10 1.570796
3.371897	25.966398	17.545783	1	0.135670	0.615406	0.776448	-0.975217	0.221200	-0.004920	-0.174778	-0.756536	0.630164	10 1.570796
24.226049	15.655582	13.211324	1	0.637621	0.716744	0.282341	-0.470382	0.652496	-0.594131	-0.610067	0.246021	0.753188	10 1.570796
15.566534	21.686354	25.336893	1	0.711660	0.483350	-0.509816	0.479890	-0.864462	-0.149697	-0.513072	-0.138122	-0.847158	10 1.570796
24.668344	13.012074	6.367284	1	-0.106533	-0.324769	-0.939774	-0.874935	-0.418404	0.243775	-0.472377	0.848212	-0.239578	10 1.570796
12.977400	16.719084	18.227461	1	-0.899045	-0.412651	0.146421	0.420964	-0.906589	0.029784	0.120454	0.088415	0.988775	10 1.570796
20.774714	23.308748	21.511477	1	0.403249	-0.908958	-0.105748	0.386609	0.064483	0.919986	-0.829411	-0.411868	0.377413	10 1.570796
22.979416	12.394187	17.495814	1	-0.662568	-0.657636	0.358494	0.738869	-0.652342	0.168891	0.122792	0.376781	0.918128	10 1.570796
21.321039	5.277275	0.123497	1	-0.697748	-0.193131	-0.689819	0.664506	0.185147	-0.723982	0.267543	-0.963546	-0.000849	10 1.570796
10.213003	11.550455	3.879000	1	0.199341	-0.560855	-0.803558	0.885022	0.455098	-0.098092	0.420713	-0.691611	0.587090	10 1.570796
23.139067	16.191690	15.207735	1	0.771759	-0.158087	-0.615953	0.623788	-0.000077	0.781595	-0.123607	-0.987426	0.098553	10 1.570796
24.615393	15.167566	3.226215	1	-0.771717	-0.483433	0.413214	-0.633423	0.526218	-0.567335	0.056827	-0.699562	-0.712309	10 1.570796
15.603679	5.633309	12.241157	1	-0.418265	0.904446	0.083868	-0.308194	-0.054456	-0.949763	-0.854441	-0.423102	0.301524	10 1.570796
10.549120	21.550417	16.515442	1	0.260904	0.895735	0.359984	-0.436888	-0.222968	0.871443	0.860848	-0.384635	0.333163	10 1.570796
3.216755	23.903485	15.888958	1	0.207124	-0.924371	0.320370	-0.701574	-0.368573	-0.609876	0.681832	-0.098443	-0.724855	10 1.570796
15.702129	22.733043	17.446519	1	-0.681529	0.681174	0.267433	-0.444946	-0.675859	0.587569	0.580983	0.281453	0.763704	10 1.570796
13.961912	11.154540	20.165093	1	-0.206910	0.508571	-0.835790	-0.639100	0.576560	0.509048	0.740770	0.639480	0.205731	10 1.570796
2.465579	13.689275	20.088631	1	-0.750763	0.653950	-0.093292	-0.649268	-0.756536	-0.078149	-0.121685	0.001899	0.992567	10 1.570796
24.320421	18.330488	16.402994	1	-0.681168	-0.669732	0.295749	-0.465634	0.708035	0.530917	-0.564972	0.223934	-0.794140	10 1.570796
24.195045	5.325945	8.001230	1	-0.786887	-0.534158	0.309006	0.043944	-0.547973	-0.835341	0.615530	-0.643741	0.454665	10 1.570796
6.878893	11.750652	23.573918	1	0.961689	0.014537	-0.273755	0.173750	0.740086	0.649679	0.212047	-0.672355	0.709207	10 1.570796
19.496021	23.598179	13.568959	1	0.037975	-0.998998	0.023699	-0.473039	0.002919	0.881037	-0.880223	-0.044669	-0.472453	10 1.570796
17.277390	0.398348	16.186774	1	0.598602	-0.489938	0.633749	0.706163	0.696246	-0.128747	-0.378167	0.524597	0.762751	10 1.570796
1.221212	19.866078	0.581908	1	0.677871	0.373798	-0.633060	-0.599503	-0.217373	-0.770289	-0.425544	0.901678	0.076742	10 1.570796
20.399922	1.096080	9.796544	1	-0.429980	-0.239850	-0.870396	-0.597409	0.798411	0.075110	0.676920	0.552278	-0.486589	10 1.570796
0.210570	21.511324	2.025820	1	-0.185112	-0.397043	-0.898938	-0.952421	-0.152902	0.263657	-0.242134	0.904974	-0.349848	10 1.570796
20.839753	8.787678	13.140080	1	0.130532	0.942116	0.308835	-0.254341	-0.269255	0.928878	0.958265	-0.199798	0.204471	10 1.570796
3.074394	16.862223	7.961889	1	-0.868692	0.248388	0.428574	-0.077737	-0.922831	0.377278	0.489213	0.294422	0.820968	10 1.570796
1.075899	5.534616	10.841146	1	0.776401	-0.301422	0.553486	-0.532212	-0.783958	0.319626	0.337569	-0.542730	-0.769086	10 1.570796
16.277161	13.018918	9.372601	1	-0.284988	0.202343	-0.936931	-0.712615	0.609000	0.348277	0.641063	0.766926	-0.029365	10 1.570796
10.227533	13.600629	18.147192	1	-0.074745	-0.275857	0.958289	-0.345689	0.908555	0.234578	-0.935367	-0.313737	-0.163272	10 1.570796
11.067453	9.918734	25.631132	1	0.210992	-0.960717	0.180289	-0.838051	-0.082855	0.539264	-0.503144	-0.264872	-0.822611	10 1.570796
6.489950	18.830782	6.548952	1	-0.401743	-0.501005	0.766548	0.580125	-0.786916	-0.210279	0.708559	0.360216	0.606785	10 1.570796
9.894239	24.558310	25.956591	1	-0.398087	0.204483	-0.894268	0.870161	0.392799	-0.297540	0.290426	-0.896603	-0.334300	10 1.570796
1.502920	19.680517	23.536283	1	0.313280	0.891861	-0.326252	-0.352011	0.428130	0.832342	0.882011	-0.145912	0.448070	10 1.570796
11.750919	2.873359	21.847449	1	-0.261611	0.768193	0.584328	-0.569469	-0.611657	0.549163	0.779271	-0.189090	0.597479	10 1.570796
22.892168	4.234367	9.853216	1	0.983604	-0.160068	-0.083073	-0.180325	-0.867080	-0.464386	0.002302	0.471753	-0.881728	10 1.570796
4.522716	15.717407	9.995767	1	-0.548109	0.693050	0.468250	0.417452	-0.258446	0.871171	0.724783	0.672969	-0.147659	10 1.570796
14.561629	24.571550	23.381157	1	-0.094322	-0.976099	0.195798	-0.205854	-0.173303	-0.963114	0.974027	-0.131149	-0.184588	10 1.570796
4.610693	2.578763	0.712792	1	-0.265441	-0.958023	-0.108326	-0.613854	0.254575	-0.747244	0.743453	-0.131853	-0.655660	10 1.570796
21.256006	19.338836	19.207538	1	-0.047751	0.998257	-0.034694	-0.715148	-0.058415	-0.696527	-0.697340	-0.008448	0.716691	10 1.570796
12.269224	15.391760	18.189402	1	-0.000274	0.897987	0.440022	0.577036	-0.359233	0.733474	0.816720	0.254108	-0.518072	10 1.570796
23.338408	26.032957	16.109766	1	0.928108	0.241144	0.283665	-0.360549	0.392119	0.846313	0.092852	-0.887746	0.450874	10 1.570796
25.733199	3.923334	14.690291	1	0.614483	0.784120	0.086983	0.122819	0.013834	-0.992333	-0.779312	0.620454	-0.087804	10 1.570796
9.295620	2.563212	1.387651	1	0.892906	-0.412521	0.180402	-0.250358	-0.121885	0.960450	-0.374217	-0.902757	-0.212109	10 1.570796
9.796014	24.558637	18.581557	1	-0.518003	-0.817384	-0.252103	-0.690347	0.573517	-0.441020	0.505068	-0.054412	-0.861363	10 1.570796
1.649103	21.540682	24.602259	1	-0.126798	-0.845408	-0.518851	-0.844440	-0.182438	0.503626	-0.520427	0.501997	-0.690763	10 1.570796
6.356752	20.460894	14.532804	1	-0.151460	-0.951936	0.266228	0.685383	-0.295215	-0.665658	0.712257	0.081647	0.697154	10 1.570796
10.898207	6.293665	22.120218	1	-0.300496	0.721172	-0.624190	-0.952287	-0.190215	0.238678	0.053398	0.666130	0.743921	10 1.570796
5.481798	13.113999	9.237652	1	0.238740	-0.435404	-0.868001	-0.943362	-0.316035	-0.100939	-0.230369	0.842938	-0.486196	10 1.570796
23.147600	10.745718	22.400501	1	-0.799349	0.528307	0.286239	0.532256	0.401516	0.745310	0.278823	0.748116	-0.602145	10 1.570796
5.971032	23.598465	19.739189	1	-0.282712	-0.447929	-0.848194	-0.955871	0.057906	0.288024	-0.079898	0.892191	-0.444533	10 1.570796
18.081377	17.750612	13.702974	1	0.131677	-0.869615	0.475845	0.771245	-0.211700	-0.600305	0.622770	0.446040	0.642810	10 1.570796
10.848349	23.986612	20.913160	1	-0.483964	-0.494867	-0.721725	0.329999	0.660648	-0.674274	0.810481	-0.564493	-0.156424	10 1.570796
2.300360	13.281426	8.781952	1	0.313274	0.942994	-0.112342	-0.503406	0.064589	-0.861632	-0.805257	0.326481	0.494943	10 1.570796
20.348969	3.456772	2.414660	1	0.055373	0.968541	0.242617	-0.916272	0.145835	-0.373065	-0.396710	-0.201646	0.895522	10 1.570796
10.647631	23.440514	6.053525	1	-0.820153	0.255456	-0.511948	0.356977	-0.470782	-0.806803	-0.447119	-0.844456	0.294921	10 1.570796
4.619521	7.005258	10.865797	1	0.064634	0.995708	0.066247	-0.386977	-0.036183	0.921379	0.919822	-0.085189	0.382976	10 1.570796
0.907548	25.012472	25.204874	1	-0.221984	0.832133	-0.508210	0.764437	-0.175026	-0.620485	-0.605275	-0.526233	-0.597261	10 1.570796
22.557121	10.936125	8.242027	1	-0.623813	0.285470	-0.727573	0.568389	-0.473262	-0.673020	-0.536460	-0.833384	0.132970	10 1.570796
2.943420	2.329365	6.668531	1	0.320889	0.936848	-0.139091	-0.906149	0.346403	0.242688	0.275543	0.048162	0.960082	10 1.570796
19.844698	21.107141	21.197474	1	-0.497879	0.823027	-0.273394	0.748166	0.567043	0.344542	0.438593	-0.033002	-0.898080	10 1.570796
23.129396	14.782537	12.837179	1	-0.883625	-0.443979	-0.148631	-0.377827	0.488709	0.786389	-0.276503	0.751031	-0.599583	10 1.570796
10.941897	23.720242	15.946396	1	0.109272	-0.731426	0.673109	0.616521	0.581050	0.531303	-0.779717	0.356928	0.514432	10 1.570796
6.298627	13.638761	18.429171	1	0.128835	0.984475	0.119210	-0.634001	0.174203	-0.753456	-0.762526	0.021492	0.646601	10 1.570796
23.429667	17.407298	13.593836	1	0.543976	-0.455737	-0.704552	-0.415161	0.583501	-0.697975	0.729201	0.672183	0.128205	10 1.570796
19.601034	25.633425	11.180853	1	0.933960	0.218918	0.282475	-0.017466	0.817428	-0.575765	-0.356948	0.532809	0.767270	10 1.570796
17.185068	3.813145	22.123781	1	0.745540	-0.303433	-0.593378	-0.168785	-0.947282	0.272340	-0.644733	-0.102887	-0.757451	10 1.570796
2.270870	0.443365	4.857883	1	0.640757	0.574820	-0.508933	-0.164360	0.750229	0.640420	0.749943	-0.326707	0.575195	10 1.570796
20.507986	6.444532	4.560131	1	-0.186291	0.921164	0.341691	0.968275	0.113180	0.222787	0.166550	0.372353	-0.913026	10 1.570796
9.309739	2.964391	3.675976	1	0.467491	0.402087	0.787260	-0.037808	0.898847	-0.436628	-0.883188	0.174357	0.435406	10 1.570796
18.033964	6.851683	19.109331	1	-0.609877	0.270368	0.744951	-0.349563	-0.935397	0.053305	0.711237	-0.227899	0.664986	10 1.570796
25.130663	16.676037	19.973351	1	-0.377503	-0.652651	0.656917	0.254051	-0.755181	-0.604285	0.890478	-0.061229	0.450889	10 1.570796
1.747688	4.671039	22.823959	1	0.271882	-0.626595	0.730383	0.609065	0.699661	0.373517	-0.745064	0.343297	0.571863	10 1.570796
8.662899	10.556368	18.186243	1	0.253351	-0.768141	0.588026	-0.269939	-0.639847	-0.719533	0.928949	0.023564	-0.369457	10 1.570796
5.500601	17.273164	0.654954	1	0.660106	0.546221	0.515659	-0.563959	-0.093087	0.820541	0.496197	-0.832453	0.246598	10 1.570796
22.716722	18.948217	11.922762	1	-0.115376	-0.808019	-0.577750	-0.635082	-0.387222	0.668379	-0.763779	0.444033	-0.468483	10 1.570796
0.560709	6.475782	16.980482	1	0.032038	-0.385753	-0.922046	0.966441	-0.223298	0.127002	-0.254882	-0.895172	0.365655	10 1.570796
19.730000	16.102283	11.777686	1	0.922154	-0.131282	-0.363867	-0.228323	-0.944038	-0.238037	-0.312253	0.302586	-0.900522	10 1.570796
23.757237	15.204524	0.296381	1	0.400280	0.899902	0.173063	-0.459235	0.033559	0.887681	0.793019	-0.434799	0.426699	10 1.570796
6.342435	0.410317	25.971870	1	-0.412904	0.760135	0.501701	-0.636515	-0.634833	0.437991	0.651428	-0.138494	0.745963	10 1.570796
11.305274	17.385492	14.676424	1	0.301262	0.363352	0.881599	-0.813193	0.580715	0.038543	-0.497952	-0.728523	0.470423	10 1.570796
2.031851	24.384477	16.159916	1	-0.362322	-0.694030	-0.622130	-0.929171	0.216513	0.299604	-0.073234	0.686619	-0.723319	10 1.570796
25.946723	15.546211	9.579629	1	0.806016	-0.228510	0.546006	0.006332	-0.919090	-0.393999	0.591860	0.321027	-0.739353	10 1.570796
17.624925	13.337731	21.545694	1	0.964080	0.259236	0.057846	0.115349	-0.604803	0.787977	0.239257	-0.753002	-0.612980	10 1.570796
20.811075	18.280520	9.716386	1	0.180205	0.889884	-0.419083	-0.924752	0.008081	-0.380484	-0.335199	0.456114	0.824379	10 1.570796
10.067998	11.201151	18.272513	1	0.032108	0.061109	0.997615	0.146050	-0.987702	0.055803	0.988757	0.143910	-0.040639	10 1.570796
22.974220	2.411179	23.043812	1	0.100821	0.471127	0.876283	0.771130	0.519524	-0.368039	-0.628644	0.712834	-0.310923	10 1.570796
9.030266	23.970815	20.857644	1	-0.404273	-0.589632	0.699212	0.580888	0.424978	0.694235	-0.706493	0.686826	0.170705	10 1.570796
0.280339	17.884825	14.859515	1	-0.835407	0.222520	-0.502574	0.270581	-0.629401	-0.728450	-0.478415	-0.744540	0.465596	10 1.570796
9.774321	20.229544	12.694620	1	-0.683325	0.345550	0.643165	0.395423	-0.565378	0.723870	0.613767	0.748960	0.249698	10 1.570796
22.121109	9.140813	11.561053	1	0.910014	-0.358471	-0.208262	-0.348713	-0.933536	0.083127	-0.224219	-0.003022	-0.974535	10 1.570796
12.763344	10.859537	20.140915	1	-0.009262	-0.339674	0.940498	-0.300269	0.898077	0.321397	-0.953810	-0.279424	-0.110311	10 1.570796
8.708456	7.031347	16.910730	1	-0.263919	-0.007673	0.964513	-0.918452	0.307426	-0.248869	-0.294607	-0.951542	-0.088184	10 1.570796
10.318883	22.656967	10.813616	1	0.763932	0.360553	0.535174	0.419806	0.352163	-0.836506	-0.490072	0.863704	0.117667	10 1.570796
17.621424	16.337896	21.698553	1	0.052101	-0.832038	0.552266	0.139570	-0.541523	-0.829020	0.988840	0.120272	0.087913	10 1.570796
19.907916	11.201318	11.529980	1	-0.489218	-0.058922	0.870169	-0.548033	0.796912	-0.254147	-0.678473	-0.601215	-0.422155	10 1.570796
5.380840	5.425222	13.458155	1	0.506461	-0.541390	-0.671115	-0.834942	-0.502292	-0.224893	-0.215341	0.674240	-0.706419	10 1.570796
23.872365	21.010267	3.045864	1	0.276130	-0.303302	-0.912008	0.893530	-0.268544	0.359843	-0.354057	-0.914270	0.196857	10 1.570796
23.991895	11.728374	21.915865	1	-0.271914	0.753680	0.598356	0.774293	-0.197869	0.601099	0.571432	0.626749	-0.529767	10 1.570796
6.780328	0.569026	5.796729	1	-0.817255	0.549063	-0.174997	-0.182892	0.040846	0.982284	0.546484	0.834782	0.067038	10 1.570796
15.239416	19.085516	23.136572	1	0.719358	-0.052037	0.692689	0.658301	-0.267239	-0.703721	0.221733	0.962225	-0.157985	10 1.570796
12.531170	7.920215	14.479883	1	-0.425783	0.397267	-0.812949	-0.803655	-0.578864	0.138040	-0.415749	0.712105	0.565739	10 1.570796
19.948717	23.176931	20.492243	1	-0.601599	-0.103114	-0.792115	-0.742492	-0.293522	0.602121	-0.294591	0.950374	0.100022	10 1.570796
16.816922	22.747825	6.141126	1	-0.745320	-0.281274	0.604469	0.665013	-0.249067	0.704076	-0.047485	0.926742	0.372685	10 1.570796
6.187013	25.723567	24.312947	1	0.734945	-0.515892	-0.440127	0.117781	0.736279	-0.666348	0.667821	0.437893	0.601886	10 1.570796
6.091294	8.451190	20.808011	1	0.660482	-0.717078	0.222630	0.350981	0.032741	-0.935809	0.663759	0.696224	0.273305	10 1.570796
7.448793	15.766813	19.927103	1	-0.743110	0.278824	-0.608315	0.512003	-0.348411	-0.785150	-0.430863	-0.894911	0.116150	10 1.570796
1.300643	22.667415	13.401803	1	-0.512308	-0.358763	-0.780275	0.613601	-0.788588	-0.040289	-0.600861	-0.499419	0.624136	10 1.570796
9.974386	4.957140	25.368429	1	0.186796	0.324724	0.927180	-0.969581	0.212901	0.120773	-0.158180	-0.921534	0.354615	10 1.570796
2.279374	9.992559	23.334644	1	-0.996849	-0.044882	-0.065405	-0.063700	0.944306	0.322844	0.047272	0.325993	-0.944189	10 1.570796
22.244843	4.700346	21.724378	1	-0.680416	-0.625900	-0.381158	0.094608	0.440746	-0.892634	0.726693	-0.643424	-0.240674	10 1.570796
20.869733	11.564887	21.846270	1	-0.704142	-0.203108	0.680391	0.644858	-0.584021	0.493028	0.297226	0.785917	0.542210	10 1.570796
2.898583	24.702986	12.664441	1	0.235824	0.692996	-0.681281	-0.207086	-0.649116	-0.731958	-0.949474	0.313698	-0.009568	10 1.570796
5.037393	13.156197	24.743280	1	0.704927	-0.693499	-0.148786	0.622877	0.705619	-0.337826	0.339267	0.145467	0.929375	10 1.570796
11.667267	3.996696	13.943979	1	-0.623211	0.509286	0.593493	0.499098	-0.325249	0.803191	0.602086	0.796770	-0.051486	10 1.570796
3.812290	18.728866	16.579045	1	0.150452	-0.979624	-0.133040	-0.587883	0.019541	-0.808709	0.794831	0.199887	-0.572965	10 1.570796
21.312078	16.429838	5.565462	1	-0.706130	0.696419	0.127991	0.705278	0.675668	0.214609	0.062977	0.241811	-0.968277	10 1.570796
16.425301	10.555879	4.076291	1	-0.766799	0.280244	-0.577480	0.574312	0.701344	-0.422236	0.286683	-0.655424	-0.698737	10 1.570796
0.181562	20.915266	10.740408	1	-0.252034	-0.106565	0.961833	0.962442	-0.131260	0.237650	0.100925	0.985604	0.135643	10 1.570796
14.752879	0.173708	9.922227	1	0.622755	-0.735602	0.266584	-0.603839	-0.235193	0.761618	-0.497548	-0.635276	-0.590652	10 1.570796
5.420332	1.822208	23.985425	1	0.645568	-0.737594	-0.197986	0.404519	0.550145	-0.730550	0.647770	0.391532	0.653528	10 1.570796
11.247763	14.552351	11.176524	1	-0.386155	-0.724379	0.571102	0.914985	-0.379317	0.137552	0.116989	0.575667	0.809271	10 1.570796
17.788660	23.056858	8.680660	1	0.336888	-0.882106	0.329238	-0.898551	-0.196746	0.392298	-0.281271	-0.427996	-0.858897	10 1.570796
14.094873	4.805269	13.725004	1	-0.085081	-0.807649	-0.583493	0.277040	0.543348	-0.792479	0.957083	-0.229077	0.177522	10 1.570796
23.958189	13.074224	4.963333	1	-0.685877	0.675858	-0.269794	-0.712054	-0.546780	0.440469	0.150176	0.494216	0.856270	10 1.570796
16.109436	18.030283	14.702223	1	0.991374	-0.130409	-0.013115	-0.086678	-0.727387	0.680732	-0.098315	-0.673723	-0.732414	10 1.570796
21.922259	2.480807	1.940348	1	0.632753	-0.635192	0.442892	-0.682217	-0.727866	-0.069226	0.366339	-0.258346	-0.893898	10 1.570796
13.158360	20.788953	2.173804	1	-0.064253	-0.378112	-0.923528	0.038632	0.923804	-0.380912	0.997186	-0.060153	-0.044750	10 1.570796
25.850474	13.049435	7.500685	1	-0.167883	0.143222	0.975347	-0.634675	-0.772768	0.004230	0.754322	-0.618319	0.220634	10 1.570796
11.773666	16.712193	17.416162	1	0.707070	-0.104955	0.699311	-0.067460	-0.994426	-0.081036	0.703918	0.010124	-0.710208	10 1.570796
15.024642	18.075335	8.263698	1	0.179029	0.846016	0.502200	0.532847	-0.512480	0.673378	0.827057	0.147041	-0.542544	10 1.570796
4.277554	3.033546	13.484288	1	-0.863278	-0.496042	-0.093244	-0.271917	0.301439	0.913891	-0.425220	0.814297	-0.395107	10 1.570796
7.829836	8.028555	3.138926	1	-0.473154	-0.005406	-0.880963	-0.865574	-0.183342	0.466014	-0.164035	0.983035	0.082069	10 1.570796
21.607054	17.298891	15.657381	1	-0.681424	-0.728428	-0.071093	0.249092	-0.139483	-0.958383	0.688197	-0.670774	0.276493	10 1.570796
1.364763	7.344015	14.329073	1	-0.329795	-0.885574	0.327099	0.240011	-0.413749	-0.878183	0.913033	-0.211111	0.349000	10 1.570796
3.186519	19.207122	23.906243	1	-0.494217	-0.867131	0.061896	-0.373028	0.275839	0.885867	-0.785239	0.414724	-0.459789	10 1.570796
7.507681	18.135966	23.046909	1	0.231031	-0.969951	0.076299	-0.009725	-0.080719	-0.996689	0.972898	0.229525	-0.028080	10 1.570796
5.085445	10.842734	18.541804	1	0.280479	0.748027	0.601485	0.428557	0.463122	-0.775794	-0.858878	0.475366	-0.190677	10 1.570796
9.552117	16.597420	25.629237	1	-0.673688	-0.711011	0.201513	0.520772	-0.263274	0.812085	-0.524349	0.652034	0.547640	10 1.570796
25.351698	2.449805	15.775776	1	-0.036267	-0.100444	0.994282	0.392526	0.913541	0.106605	-0.919026	0.394147	0.006296	10 1.570796
21.069341	5.386269	12.247612	1	-0.247372	-0.861482	-0.443461	0.734303	-0.465288	0.494273	-0.632144	-0.203366	0.747688	10 1.570796
7.736235	17.187566	21.874938	1	0.252472	-0.838189	-0.483423	0.469156	-0.330910	0.818775	-0.846256	-0.433518	0.309695	10 1.570796
7.965018	8.870197	19.401458	1	-0.903657	-0.378747	0.199890	-0.356708	0.923955	0.138081	-0.236987	0.053476	-0.970041	10 1.570796
12.676632	2.588864	20.602700	1	-0.282018	0.738433	0.612521	0.706158	0.591951	-0.388503	-0.649467	0.322971	-0.688392	10 1.570796
0.612900	4.819282	6.881647	1	-0.511007	0.622762	0.592484	0.733420	0.675364	-0.077318	-0.448294	0.395027	-0.801863	10 1.570796
5.219774	3.313169	11.675960	1	-0.474442	-0.861912	-0.178920	0.875544	-0.440966	-0.197411	0.091254	-0.250313	0.963855	10 1.570796
13.586530	12.715813	15.444629	1	0.601799	0.200589	-0.773048	0.755063	0.172490	0.632556	0.260229	-0.964370	-0.047653	10 1.570796
8.012900	15.734893	22.792858	1	0.078575	-0.888423	0.452250	0.086825	-0.445831	-0.890896	0.993119	0.109269	0.042106	10 1.570796
5.064792	25.771903	23.284792	1	-0.416800	-0.448763	0.790499	-0.759801	0.649369	-0.031969	-0.498979	-0.613946	-0.611629	10 1.570796
5.099146	24.446733	20.521260	1	-0.347076	-0.885251	0.309629	0.877013	-0.189405	0.441559	-0.332246	0.424803	0.842114	10 1.570796
8.197973	14.438620	22.400663	1	0.721826	-0.153733	-0.674785	0.688277	0.261457	0.676693	0.072398	-0.952894	0.294538	10 1.570796
7.977435	10.012391	11.260260	1	0.512542	0.074196	-0.855451	-0.611984	-0.667263	-0.424543	-0.602309	0.741119	-0.296594	10 1.570796
6.773782	5.756491	6.809553	1	0.147519	0.576247	-0.803851	0.666872	-0.658165	-0.349430	-0.730425	-0.484518	-0.481375	10 1.570796
15.311754	10.980371	1.089211	1	-0.891529	-0.259366	0.371353	-0.452931	0.500872	-0.737550	0.005295	-0.825746	-0.564018	10 1.570796
