8000
0.0	0.0	0.0
26.118939	0.000000	0.000000	
0.000000	26.118939	0.000000	
0.000000	0.000000	26.118939	
3.275335	9.153889	3.870165	1	-0.355468	-0.934435	0.021750	-0.781548	0.309912	0.541422	-0.512665	0.175460	-0.840470	10 1.570796
21.316116	14.336536	12.333115	1	0.414971	0.547891	-0.726371	-0.221832	-0.713336	-0.664789	-0.882379	0.437000	-0.174474	10 1.570796
17.062489	15.041077	3.979338	1	0.669181	0.219763	-0.709861	0.520486	0.543185	0.658820	0.530370	-0.810343	0.249105	10 1.570796
7.844048	22.219234	10.007561	1	0.297034	-0.830054	0.471995	-0.731792	-0.515421	-0.445895	0.613393	-0.212956	-0.760525	10 1.570796
13.996407	3.301151	13.259796	1	-0.463160	-0.177524	0.868313	-0.122439	-0.957524	-0.261073	0.877776	-0.227234	0.421751	10 1.570796
23.649029	16.409637	6.624401	1	0.101196	-0.834012	0.542386	-0.723109	0.312775	0.615861	-0.683280	-0.454527	-0.571432	10 1.570796
22.329327	9.730972	9.978821	1	-0.178396	-0.956479	-0.230916	0.611403	-0.291630	0.735621	-0.770949	-0.009951	0.636819	10 1.570796
25.283157	0.100912	24.102047	1	-0.150425	-0.542612	0.826405	0.923215	-0.376098	-0.078897	0.353620	0.751080	0.557521	10 1.570796
13.216473	19.173038	15.403648	1	-0.809596	-0.559262	0.178269	-0.212047	0.561842	0.799605	-0.547348	0.609556	-0.573455	10 1.570796
7.399063	20.542702	6.679092	1	0.017562	-0.748125	-0.663325	0.996596	0.066543	-0.048664	0.080547	-0.660212	0.746747	10 1.570796
19.285648	15.977764	5.251049	1	-0.906031	0.186568	0.379869	0.014033	0.910337	-0.413629	-0.422978	-0.369431	-0.827412	10 1.570796
9.737320	7.256279	23.979248	1	0.643146	-0.756909	-0.115981	0.295022	0.384699	-0.874625	0.706630	0.528295	0.470722	10 1.570796
24.252548	18.446648	3.531536	1	0.068416	-0.371288	-0.925993	0.874225	-0.424885	0.234954	-0.480676	-0.825601	0.295519	10 1.570796
9.724529	13.910938	22.831165	1	0.312481	0.942195	0.120931	0.750867	-0.167013	-0.638987	-0.581854	0.290473	-0.759652	10 1.570796
25.509258	5.911259	21.758907	1	0.015679	0.514187	-0.857535	-0.895375	-0.374507	-0.240930	-0.445035	0.771594	0.454517	10 1.570796
11.015930	14.717213	23.064720	1	-0.211452	-0.276950	-0.937329	0.298696	-0.931445	0.207829	-0.930628	-0.236031	0.279679	10 1.570796
11.748768	19.920654	16.231888	1	-0.533369	0.448673	0.717083	-0.619156	-0.784678	0.030436	0.576336	-0.427753	0.696322	10 1.570796
17.810707	14.874832	18.889252	1	-0.793766	0.058418	-0.605412	-0.607313	-0.130554	0.783661	-0.033259	0.989718	0.139107	10 1.570796
22.766987	11.363445	1.630299	1	0.969043	-0.214092	0.122970	0.225673	0.970090	-0.089425	-0.100147	0.114407	0.988373	10 1.570796
20.247192	10.754047	2.673086	1	0.716325	0.549302	0.430284	-0.112431	0.699465	-0.705767	-0.688650	0.457182	0.562802	10 1.570796
1.380844	11.493851	3.589687	1	0.327674	-0.894350	0.304574	0.826734	0.427464	0.365767	-0.457319	0.131949	0.879460	10 1.570796
7.646538	0.422310	2.727919	1	-0.675362	-0.708140	-0.205971	0.021466	0.260293	-0.965291	0.737174	-0.656342	-0.160590	10 1.570796
23.814632	15.465271	19.014957	1	0.135309	-0.556824	-0.819536	-0.953886	0.150475	-0.259729	0.267943	0.816887	-0.510787	10 1.570796
14.302124	8.394302	25.428928	1	0.741390	0.379989	0.553126	-0.623328	0.695277	0.357842	-0.248600	-0.610081	0.752329	10 1.570796
22.005703	4.636535	13.702685	1	-0.080864	-0.926089	-0.368537	0.114106	-0.375917	0.919601	-0.990172	0.032310	0.136071	10 1.570796
4.931562	17.075745	3.595642	1	-0.814438	-0.163769	0.556661	-0.045204	-0.938520	-0.342249	0.578487	-0.303904	0.756964	10 1.570796
18.386215	0.542917	5.576836	1	0.527741	-0.849400	-0.003335	0.733851	0.457920	-0.501769	0.427730	0.262356	0.864996	10 1.570796
3.584782	1.650053	20.574406	1	-0.806165	0.538549	-0.245078	0.553771	0.832630	0.008076	0.208409	-0.129207	-0.969470	10 1.570796
11.666252	11.260899	19.664581	1	0.638140	-0.768739	-0.042631	-0.370381	-0.257974	-0.892337	0.674978	0.585226	-0.449349	10 1.570796
16.049664	1.683756	24.892056	1	0.312024	0.922266	0.228179	0.880622	-0.190609	-0.433790	-0.356577	0.336293	-0.871643	10 1.570796
9.685280	13.887554	0.426228	1	0.388986	-0.779090	0.491640	-0.876396	-0.477430	-0.063165	0.283935	-0.406302	-0.868505	10 1.570796
12.405003	21.824852	3.628994	1	0.742513	-0.227563	0.629991	-0.406901	0.593863	0.694088	-0.532076	-0.771714	0.348356	10 1.570796
20.484570	10.871429	19.459869	1	0.117341	0.078180	-0.990009	0.927062	0.348811	0.137426	0.356071	-0.933926	-0.031549	10 1.570796
6.583248	12.047050	13.009357	1	0.340428	0.940187	0.012550	-0.935774	0.337467	0.102192	0.091843	-0.046534	0.994685	10 1.570796
0.304508	5.393398	12.313892	1	-0.639480	-0.754012	-0.150098	-0.768800	0.626325	0.129089	-0.003323	0.197946	-0.980207	10 1.570796
9.362766	12.124374	13.040596	1	0.907507	-0.409815	-0.092096	0.358154	0.869529	-0.340065	0.219444	0.275627	0.935882	10 1.570796
9.999077	23.528614	3.672712	1	0.039771	-0.126333	0.991190	0.294409	0.949421	0.109196	-0.954852	0.287474	0.074953	10 1.570796
4.443712	9.898201	2.204536	1	0.942659	0.065684	0.327230	-0.237695	-0.556143	0.796371	0.234296	-0.828486	-0.508640	10 1.570796
7.031616	7.880096	3.277744	1	0.799172	0.237890	0.552027	-0.021624	0.929140	-0.369096	-0.600716	0.283033	0.747686	10 1.570796
8.467955	2.795640	13.981859	1	0.786376	-0.106150	-0.608560	-0.354290	-0.884506	-0.303527	-0.506055	0.454292	-0.733162	10 1.570796
18.086452	6.701694	9.846889	1	-0.443121	0.638765	-0.628986	-0.040155	-0.715070	-0.697899	-0.895562	-0.283996	0.342511	10 1.570796
20.834351	25.184486	2.299419	1	0.437116	0.867961	-0.235738	-0.561238	0.468041	0.682604	0.702809	-0.166073	0.691722	10 1.570796
5.023264	25.096008	10.471642	1	-0.218650	-0.971324	-0.093394	0.670940	-0.219145	0.708390	-0.708543	0.092228	0.699615	10 1.570796
11.690292	12.783783	18.404381	1	0.366845	-0.606179	0.705672	-0.928277	-0.288295	0.234918	0.061039	-0.741238	-0.668462	10 1.570796
14.338326	2.687586	11.850704	1	-0.735205	-0.499110	-0.458654	0.584865	-0.809124	-0.057024	-0.342646	-0.310174	0.886784	10 1.570796
4.873674	1.191513	23.831379	1	-0.538190	-0.576229	0.615071	-0.391795	0.817177	0.422750	-0.746223	-0.013463	-0.665560	10 1.570796
3.930747	6.019211	12.843984	1	0.698796	-0.221731	-0.680089	0.505519	0.825741	0.250205	0.506099	-0.518640	0.689113	10 1.570796
21.841934	14.127407	3.112173	1	-0.339289	-0.922766	-0.182717	0.528705	-0.347720	0.774314	-0.778044	0.166113	0.605847	10 1.570796
17.222321	16.675667	22.681084	1	0.551416	0.194212	-0.811308	0.802575	-0.388860	0.452394	-0.227626	-0.900593	-0.370294	10 1.570796
20.548470	24.109241	19.999977	1	0.206808	-0.082575	-0.974890	-0.423930	-0.905599	-0.013225	-0.881769	0.416020	-0.222291	10 1.570796
22.923386	14.696171	14.419319	1	-0.801194	0.164433	0.575368	0.297880	-0.724320	0.621795	0.518995	0.669569	0.531340	10 1.570796
19.871418	25.754147	1.628923	1	-0.772888	-0.630319	0.073089	-0.406078	0.579831	0.706326	-0.487590	0.516231	-0.704104	10 1.570796
4.004299	14.804249	14.850471	1	-0.716673	0.540019	-0.441317	0.697362	0.562360	-0.444340	0.008227	-0.626202	-0.779616	10 1.570796
0.335143	11.289556	10.176441	1	-0.851191	-0.108070	0.513609	0.518130	-0.016870	0.855135	-0.083751	0.994000	0.070353	10 1.570796
10.402050	18.673180	20.497280	1	-0.775940	0.390794	-0.495175	-0.626391	-0.570075	0.531649	-0.074522	0.722700	0.687134	10 1.570796
17.246960	3.985584	14.401043	1	0.045380	0.991842	0.119123	0.995067	-0.034349	-0.093075	-0.088224	0.122758	-0.988508	10 1.570796
20.396297	14.700306	1.538420	1	0.618559	-0.619060	-0.483891	-0.074560	0.566819	-0.820462	0.782192	0.543583	0.304455	10 1.570796
24.347736	7.582779	16.623547	1	0.041585	0.322114	0.945788	0.377385	0.871420	-0.313379	-0.925121	0.369959	-0.085324	10 1.570796
22.039116	4.303066	0.590508	1	-0.774924	0.047466	0.630268	0.282599	0.917971	0.278328	-0.565357	0.393797	-0.724772	10 1.570796
22.846760	22.005669	9.095749	1	-0.183080	0.672712	0.716898	-0.025230	-0.732197	0.680624	0.982774	0.106523	0.151022	10 1.570796
2.546513	4.575787	10.335064	1	0.997765	-0.027417	-0.060928	0.041438	0.969286	0.242422	0.052410	-0.244405	0.968256	10 1.570796
12.066677	6.812164	8.737095	1	0.705096	-0.359026	0.611506	0.324238	-0.603694	-0.728302	0.630642	0.711796	-0.309254	10 1.570796
4.377142	5.680632	0.218123	1	0.152038	-0.074547	0.985559	0.647245	-0.746090	-0.156283	0.746966	0.661659	-0.065183	10 1.570796
4.998884	6.473946	25.053364	1	-0.707819	-0.359353	0.608160	0.197595	-0.927289	-0.317946	0.678196	-0.104879	0.727359	10 1.570796
23.569946	2.723837	3.601713	1	-0.067557	0.637169	-0.767757	-0.672376	-0.597598	-0.436791	-0.737120	0.486712	0.468788	10 1.570796
17.996069	14.378718	14.765182	1	0.972369	-0.178436	-0.150529	-0.184137	-0.982589	-0.024716	-0.143499	0.051751	-0.988297	10 1.570796
6.842457	18.339939	19.335224	1	0.483206	0.468498	-0.739608	0.311406	-0.881504	-0.354932	-0.818253	-0.058813	-0.571841	10 1.570796
1.907480	8.198704	8.362858	1	0.140999	-0.989871	0.016555	-0.707965	-0.112505	-0.697230	0.692030	0.086588	-0.716657	10 1.570796
3.099931	10.735989	21.644583	1	0.954444	0.261098	0.144447	0.020551	0.425418	-0.904764	-0.297683	0.866514	0.400672	10 1.570796
4.829605	22.502361	1.557421	1	0.663065	-0.673732	0.326236	-0.651892	-0.305496	0.694052	-0.367941	-0.672873	-0.641765	10 1.570796
8.789444	22.863537	1.452009	1	0.603076	0.268157	0.751259	0.718795	0.225684	-0.657571	-0.345879	0.936568	-0.056645	10 1.570796
7.680382	7.040787	5.894157	1	0.239237	-0.333191	0.912003	-0.682430	0.610453	0.402037	-0.690691	-0.718562	-0.081337	10 1.570796
1.036777	26.050217	23.052521	1	-0.468514	-0.846168	0.253957	-0.332207	0.435101	0.836854	-0.818615	0.307711	-0.484954	10 1.570796
19.317963	18.075970	19.833588	1	0.936832	-0.041654	-0.347292	0.203498	0.872461	0.444297	0.284492	-0.486906	0.825826	10 1.570796
2.495621	15.711755	5.084105	1	-0.165176	0.967563	-0.191152	-0.283310	0.139097	0.948887	0.944697	0.210888	0.251144	10 1.570796
18.359673	12.500687	6.034801	1	-0.238923	-0.621437	-0.746145	0.104928	0.747377	-0.656063	0.965353	-0.235040	-0.113358	10 1.570796
15.507537	11.890392	10.772861	1	0.049800	-0.184258	-0.981615	0.141360	0.974241	-0.175701	0.988705	-0.130012	0.074565	10 1.570796
4.497665	0.373894	16.909378	1	0.387267	0.840581	0.378744	-0.670371	-0.025294	0.741595	0.632950	-0.541094	0.553706	10 1.570796
1.042617	11.746476	11.398486	1	-0.129805	-0.635711	0.760935	0.695809	-0.605136	-0.386857	0.706399	0.479251	0.520883	10 1.570796
8.537064	13.102867	15.617569	1	0.893884	-0.241722	0.377550	-0.044153	0.790614	0.610720	-0.446120	-0.562582	0.696045	10 1.570796
11.011967	24.373821	16.104614	1	-0.420372	-0.096882	0.902165	0.905497	0.018741	0.423939	-0.057980	0.995119	0.079849	10 1.570796
6.373346	12.921136	3.894433	1	-0.493126	-0.452598	-0.742955	0.782636	-0.603714	-0.151691	-0.379877	-0.656266	0.651927	10 1.570796
13.448399	24.646969	8.735386	1	-0.132207	0.971024	-0.199083	0.990876	0.124159	-0.052436	-0.026199	-0.204199	-0.978578	10 1.570796
22.494995	21.630634	17.922283	1	-0.250668	0.021405	-0.967836	-0.410664	-0.907694	0.086286	-0.876653	0.419085	0.236320	10 1.570796
21.649052	21.113926	1.795135	1	0.874697	-0.268195	-0.403702	-0.147611	-0.940787	0.305175	-0.461643	-0.207345	-0.862493	10 1.570796
12.948864	9.191780	8.684917	1	-0.598614	0.797251	-0.077791	-0.763351	-0.538318	0.357082	0.242808	0.273135	0.930828	10 1.570796
24.818985	21.221149	2.249290	1	0.119773	0.984546	-0.127760	0.351555	0.078288	0.932887	0.928473	-0.156650	-0.336746	10 1.570796
13.341797	10.724770	25.484829	1	-0.871578	-0.487029	-0.056163	0.477900	-0.818465	-0.318944	0.109368	-0.304825	0.946107	10 1.570796
7.548450	24.161423	19.359295	1	0.161201	-0.266490	-0.950262	0.973070	-0.117831	0.198115	-0.164765	-0.956608	0.240320	10 1.570796
19.290344	15.266888	2.515749	1	0.705506	-0.657221	-0.265185	-0.696843	-0.711476	-0.090615	-0.129119	0.248721	-0.959931	10 1.570796
16.690311	18.639359	16.893841	1	-0.504585	0.737518	0.448845	0.821025	0.570701	-0.014759	-0.267042	0.361067	-0.893488	10 1.570796
7.202835	12.833534	17.577904	1	-0.576069	-0.775051	-0.259692	-0.351565	-0.051886	0.934724	-0.737934	0.629764	-0.242591	10 1.570796
23.898685	18.669495	4.867491	1	-0.950911	0.005891	-0.309406	0.249905	-0.575080	-0.778992	-0.182523	-0.818075	0.545379	10 1.570796
18.317093	4.207443	18.849861	1	0.717971	-0.618834	0.318687	0.197807	-0.257570	-0.945796	0.667375	0.742093	-0.062518	10 1.570796
9.800549	11.132401	9.564537	1	0.073553	0.989053	-0.127922	-0.922765	0.018840	-0.384904	-0.378281	0.146353	0.914049	10 1.570796
11.816093	13.187195	19.758179	1	0.361057	-0.544414	0.757134	-0.877594	-0.472944	0.078432	0.315383	-0.692776	-0.648535	10 1.570796
5.451042	8.618828	2.988045	1	0.394551	0.882959	-0.254386	0.530476	0.007176	0.847670	0.750284	-0.469394	-0.465557	10 1.570796
24.608005	12.952636	0.924015	1	0.447066	-0.482170	0.753421	-0.682414	-0.728397	-0.061224	0.578311	-0.486774	-0.654681	10 1.570796
16.609207	25.667423	14.382435	1	0.664978	-0.499252	-0.555475	0.746012	0.408511	0.525914	-0.035647	-0.764112	0.644098	10 1.570796
12.175861	25.629028	2.901789	1	0.088101	0.982298	-0.165315	-0.529816	-0.094328	-0.842851	-0.843524	0.161842	0.512128	10 1.570796
23.713146	4.588160	8.938515	1	0.413577	0.834213	0.364749	-0.669135	0.550169	-0.499571	-0.617423	-0.037455	0.785739	10 1.570796
5.491520	17.667782	12.000851	1	-0.726827	0.159759	0.667981	0.686449	0.201018	0.698843	-0.022630	0.966472	-0.255772	10 1.570796
6.579826	14.475933	15.311020	1	0.547711	0.386379	0.742108	0.691016	0.291172	-0.661602	-0.471711	0.875174	-0.107515	10 1.570796
7.843262	21.215019	1.480331	1	0.078026	-0.919575	0.385089	-0.102492	-0.391619	-0.914402	0.991669	0.031878	-0.124806	10 1.570796
19.113380	4.967575	18.710903	1	-0.735045	-0.675101	-0.062825	-0.232956	0.338485	-0.911679	0.636740	-0.655491	-0.406070	10 1.570796
25.318226	15.387974	21.686989	1	0.514006	-0.803677	0.299833	0.414260	0.538654	0.733649	-0.751124	-0.252891	0.609804	10 1.570796
25.267246	13.811989	26.084457	1	0.070401	-0.628422	-0.774680	0.016498	0.777234	-0.628996	0.997382	0.031501	0.065085	10 1.570796
1.794466	5.931629	11.242451	1	0.908700	-0.307325	-0.282516	0.394856	0.852402	0.342784	0.135471	-0.423040	0.895926	10 1.570796
25.511539	22.750530	15.399612	1	0.693010	0.177811	0.698657	-0.570387	-0.457452	0.682200	0.440903	-0.871276	-0.215598	10 1.570796
19.898056	22.684246	9.869827	1	-0.287243	0.882708	-0.371913	0.888934	0.390281	0.239746	0.356775	-0.261742	-0.896773	10 1.570796
6.401772	21.818317	9.394703	1	0.668269	0.585466	-0.458964	0.200053	-0.735656	-0.647138	-0.716518	0.340645	-0.608740	10 1.570796
6.889874	22.194260	17.571167	1	-0.464967	0.395173	-0.792240	0.738090	-0.321142	-0.593373	-0.488907	-0.860644	-0.142353	10 1.570796
15.280570	9.017205	8.236807	1	0.381582	-0.484218	0.787355	-0.905543	-0.366713	0.213335	0.185434	-0.794388	-0.578412	10 1.570796
4.275339	21.060829	8.247128	1	-0.926956	0.247046	0.282347	0.105798	-0.549913	0.828493	0.359943	0.797849	0.483609	10 1.570796
10.451313	8.043507	7.594742	1	0.673733	-0.567845	0.472903	0.351152	0.809086	0.471246	-0.650213	-0.151433	0.744507	10 1.570796
23.165371	12.479301	26.013962	1	-0.788943	0.604055	-0.112639	-0.567584	-0.646170	0.510208	0.235410	0.466457	0.852643	10 1.570796
7.985531	17.252403	26.046108	1	-0.438738	0.185326	0.879297	-0.223828	0.925125	-0.306667	-0.870294	-0.331357	-0.364406	10 1.570796
22.555111	14.842663	12.241483	1	-0.446279	0.397332	-0.801849	0.057063	0.906838	0.417598	0.893072	0.140610	-0.427376	10 1.570796
3.505276	22.440762	6.519230	1	0.917989	-0.026859	-0.395695	-0.289106	0.637677	-0.713991	0.271503	0.769835	0.577615	10 1.570796
13.618904	21.775108	21.603622	1	-0.711142	0.250502	0.656907	0.584189	0.730400	0.353890	-0.391154	0.635423	-0.665759	10 1.570796
11.283077	21.341194	0.737972	1	0.382993	0.398352	0.833446	-0.198088	0.916668	-0.347102	-0.902261	-0.032157	0.429987	10 1.570796
4.504517	19.695614	20.108948	1	0.049370	0.337691	-0.939961	-0.715935	-0.644241	-0.269052	-0.696417	0.686235	0.209958	10 1.570796
2.690012	7.064903	24.497578	1	-0.948678	0.101401	0.299544	-0.036960	0.905158	-0.423465	-0.314076	-0.412804	-0.854956	10 1.570796
22.359356	14.756290	5.928909	1	0.010001	0.805956	-0.591891	-0.758114	0.392089	0.521085	0.652047	0.443509	0.614927	10 1.570796
22.907005	23.578842	3.077579	1	-0.500526	-0.732167	0.461957	-0.463198	0.677296	0.571592	-0.731382	0.072119	-0.678143	10 1.570796
7.542595	15.258312	2.311979	1	-0.428474	-0.718572	0.547782	-0.820571	0.563252	0.097017	-0.378250	-0.407924	-0.830978	10 1.570796
9.074200	12.369007	2.811308	1	-0.769128	0.605403	0.204766	-0.400119	-0.705982	0.584376	0.498345	0.367530	0.785222	10 1.570796
10.978558	9.971729	1.094294	1	0.593019	-0.801519	0.076790	-0.699535	-0.560081	-0.443802	0.398724	0.209465	-0.892829	10 1.570796
7.843956	13.518223	10.624134	1	0.458817	-0.884658	0.082870	-0.269471	-0.049667	0.961727	-0.846684	-0.463588	-0.261178	10 1.570796
12.724377	22.990952	19.415184	1	-0.102055	0.811783	-0.574972	-0.680237	0.364789	0.635772	0.725853	0.456002	0.514977	10 1.570796
12.076744	4.965834	19.668224	1	-0.203213	0.641564	0.739662	-0.776119	-0.566101	0.277792	0.596945	-0.517614	0.612970	10 1.570796
20.395473	15.800827	25.508228	1	-0.164141	0.387276	-0.907235	0.815436	-0.464265	-0.345717	-0.555085	-0.796539	-0.239594	10 1.570796
9.106651	18.775650	11.169540	1	0.434637	-0.128572	-0.891380	0.856009	0.366576	0.364515	0.279892	-0.921462	0.269388	10 1.570796
2.312496	4.612856	8.976158	1	0.619105	-0.462921	0.634360	-0.536202	-0.839362	-0.089212	0.573755	-0.284913	-0.767872	10 1.570796
14.474735	19.456158	3.859404	1	0.250426	0.165764	0.953840	-0.905820	-0.307643	0.291283	0.341726	-0.936952	0.073108	10 1.570796
15.994812	0.570610	5.764746	1	-0.126906	-0.874599	0.467942	-0.698212	0.413852	0.584146	-0.704553	-0.252591	-0.663176	10 1.570796
0.876333	14.981556	3.095110	1	0.404375	-0.279607	-0.870804	0.345788	-0.834709	0.428591	-0.846706	-0.474425	-0.240851	10 1.570796
25.951424	21.697598	24.644009	1	0.521497	0.623683	-0.582291	0.540747	0.286316	0.790958	0.660025	-0.727353	-0.187943	10 1.570796
22.134315	0.755135	3.022266	1	-0.227911	-0.962044	-0.150093	0.157001	-0.188443	0.969453	-0.960941	0.197386	0.193990	10 1.570796
10.658671	6.748361	17.722046	1	0.989118	0.053585	0.137016	-0.137177	-0.000667	0.990547	0.053171	-0.998563	0.006691	10 1.570796
8.769932	0.871973	25.353058	1	0.594455	-0.338769	0.729286	-0.340070	0.715923	0.609759	-0.728681	-0.610483	0.310379	10 1.570796
9.740250	9.293957	7.927273	1	-0.059055	-0.331722	-0.941527	-0.420102	0.863846	-0.278004	0.905554	0.379120	-0.190370	10 1.570796
17.032955	16.170174	2.654573	1	0.615002	-0.709833	0.343379	-0.570242	-0.099606	0.815416	-0.544607	-0.697293	-0.466035	10 1.570796
18.032934	22.747527	0.459601	1	-0.458778	-0.169789	-0.872177	0.195024	0.938397	-0.285267	0.866883	-0.300970	-0.397404	10 1.570796
20.576626	0.627182	2.386719	1	0.613901	-0.565981	-0.550262	0.301092	-0.476491	0.826014	-0.729705	-0.672772	-0.122105	10 1.570796
5.203220	6.817047	12.162287	1	-0.751424	0.589312	-0.296775	0.571692	0.806058	0.153098	0.329440	-0.054623	-0.942594	10 1.570796
20.529373	5.643539	6.093014	1	-0.370138	0.307152	-0.876730	-0.162828	0.907697	0.386746	0.914595	0.285906	-0.285961	10 1.570796
7.736786	0.087484	7.199753	1	0.035238	-0.667226	0.744021	0.231744	-0.718735	-0.655526	0.972137	0.195522	0.129300	10 1.570796
15.845291	15.876202	18.989986	1	-0.862967	-0.404514	0.302746	0.250636	-0.862994	-0.438661	0.438712	-0.302671	0.846122	10 1.570796
8.639957	10.212387	24.992245	1	-0.135071	0.624900	0.768932	-0.148975	0.754414	-0.639271	-0.979573	-0.200898	-0.008804	10 1.570796
0.157665	4.662868	24.379349	1	-0.236598	-0.744595	-0.624178	0.185636	0.595940	-0.781277	0.953710	-0.300718	-0.002774	10 1.570796
14.696842	20.419258	0.635921	1	0.941515	-0.295933	-0.161155	-0.236918	-0.241273	-0.941094	0.239620	0.924234	-0.297275	10 1.570796
9.691196	5.101933	22.563450	1	0.936481	-0.319191	0.145330	0.286160	0.455834	-0.842810	0.202771	0.830864	0.518219	10 1.570796
0.630270	7.792015	20.095737	1	-0.455838	-0.759881	-0.463457	-0.149543	-0.447914	0.881482	-0.877410	0.471120	0.090543	10 1.570796
19.385972	25.476197	18.747804	1	-0.918322	0.285216	0.274472	-0.271166	-0.958438	0.088694	0.288362	0.007021	0.957496	10 1.570796
18.503660	14.637555	18.003553	1	0.397869	-0.915047	0.066239	0.673570	0.340367	0.656089	-0.622899	-0.216420	0.751771	10 1.570796
23.736305	21.616673	19.039543	1	-0.420459	-0.648491	-0.634567	-0.083809	-0.668644	0.738846	-0.903433	0.363836	0.226788	10 1.570796
25.610481	6.341278	12.173016	1	-0.497820	-0.772540	-0.394153	0.187940	0.347579	-0.918624	0.846672	-0.531386	-0.027841	10 1.570796
15.245907	18.037052	1.731834	1	0.115189	0.860104	-0.496942	0.550399	-0.471721	-0.688868	-0.826917	-0.194166	-0.527738	10 1.570796
19.346073	19.477203	14.212559	1	-0.631926	-0.714227	0.300911	0.278622	-0.571658	-0.771737	0.723215	-0.403840	0.560245	10 1.570796
7.985073	10.205692	14.925549	1	-0.243316	-0.166086	0.955622	0.433591	0.862686	0.260334	-0.867640	0.477692	-0.137892	10 1.570796
22.761906	19.081284	25.133648	1	-0.937780	0.169337	-0.303136	-0.181491	-0.983317	0.012159	-0.296020	0.066420	0.952869	10 1.570796
18.674324	15.206837	22.885628	1	0.973434	0.213076	-0.083811	0.115540	-0.141101	0.983231	0.197678	-0.966794	-0.161970	10 1.570796
23.095882	5.727598	22.603409	1	-0.848519	0.523083	0.080007	-0.136201	-0.361986	0.922179	0.511339	0.771589	0.378397	10 1.570796
9.664253	10.418648	6.676281	1	-0.494823	-0.596336	0.632087	-0.848599	0.174936	-0.499277	0.187162	-0.783442	-0.592613	10 1.570796
17.180759	19.746147	19.352139	1	-0.922734	0.205379	0.326163	0.143860	0.968574	-0.202907	-0.357586	-0.140307	-0.923280	10 1.570796
23.324921	12.533215	1.227938	1	-0.995922	-0.089175	0.013725	0.005937	-0.216576	-0.976248	0.090028	-0.972185	0.216222	10 1.570796
16.375109	0.716829	10.771907	1	0.932200	-0.115570	-0.342998	0.336488	-0.072393	0.938900	-0.133341	-0.990658	-0.028598	10 1.570796
2.579865	3.588423	16.235302	1	-0.225524	-0.331759	-0.916011	0.717762	0.579180	-0.386480	0.658754	-0.744639	0.107504	10 1.570796
6.022629	0.227247	16.420979	1	0.154867	-0.710177	-0.686778	0.617957	-0.472748	0.628203	-0.770809	-0.521687	0.365646	10 1.570796
17.591759	1.694815	18.506477	1	-0.310507	-0.168620	-0.935495	-0.329415	-0.904070	0.272294	-0.891668	0.392716	0.225174	10 1.570796
14.803623	7.402187	15.481243	1	-0.721219	-0.669037	0.179534	-0.657500	0.742747	0.126575	-0.218031	-0.026756	-0.975575	10 1.570796
2.755575	18.968235	22.198887	1	-0.104209	-0.253186	-0.961789	-0.854914	0.516948	-0.043455	0.508196	0.817718	-0.270323	10 1.570796
21.069130	19.396557	19.515072	1	-0.138886	-0.795473	0.589857	-0.970875	0.226793	0.077251	-0.195227	-0.561948	-0.803803	10 1.570796
3.468185	22.595482	10.974007	1	-0.374317	0.896406	-0.237368	0.270575	-0.139256	-0.952573	-0.886948	-0.420790	-0.190421	10 1.570796
5.500925	13.511215	22.504719	1	0.507120	0.278953	0.815484	0.523480	-0.851346	-0.034312	0.684688	0.444290	-0.577761	10 1.570796
20.642811	22.580688	20.211376	1	-0.845752	0.084066	0.526913	-0.133660	-0.989405	-0.056687	0.516563	-0.118371	0.848028	10 1.570796
14.040867	25.123688	5.072392	1	-0.159917	0.337537	-0.927629	0.367171	0.892636	0.261508	0.916304	-0.298779	-0.266683	10 1.570796
6.768871	15.457283	1.159492	1	-0.750500	-0.464940	0.469660	-0.241878	-0.468113	-0.849921	0.615016	-0.751466	0.238859	10 1.570796
22.892780	0.261106	0.603415	1	-0.208854	-0.579164	-0.788004	-0.775841	-0.392414	0.494046	-0.595357	0.714550	-0.367381	10 1.570796
25.224895	23.067020	3.820826	1	-0.492914	0.185903	0.849985	-0.865018	-0.209917	-0.455718	0.093707	-0.959883	0.264279	10 1.570796
15.357828	8.250588	12.935435	1	-0.306889	-0.499550	0.810104	-0.805069	0.590243	0.058991	-0.507626	-0.634085	-0.583311	10 1.570796
7.008335	19.123871	3.561394	1	-0.456994	0.850175	0.261453	0.170662	-0.204671	0.963838	0.872944	0.485089	-0.051559	10 1.570796
25.599335	25.632004	8.269394	1	-0.745756	-0.086462	-0.660586	0.242593	-0.958713	-0.148389	-0.620483	-0.270914	0.735940	10 1.570796
14.194584	6.255905	12.293095	1	-0.584259	-0.740892	-0.331241	0.311390	-0.581564	0.751543	-0.749451	0.335951	0.570491	10 1.570796
8.820118	13.103767	20.241821	1	-0.887858	-0.309117	0.340816	-0.186475	-0.435415	-0.880704	0.420638	-0.845493	0.328945	10 1.570796
8.576561	6.068882	6.231216	1	-0.668184	-0.580984	-0.464743	-0.743914	0.531071	0.405655	0.011132	0.616783	-0.787055	10 1.570796
8.289494	17.891308	10.797222	1	-0.284676	-0.129291	0.949865	-0.696183	-0.653284	-0.297570	0.659005	-0.745992	0.095965	10 1.570796
5.454811	24.553749	2.757463	1	0.090801	-0.750930	-0.654111	0.511744	0.598653	-0.616226	0.854327	-0.278782	0.438642	10 1.570796
4.174648	11.161064	21.010971	1	0.137328	-0.246396	0.959391	0.949087	0.309951	-0.056248	-0.283504	0.918270	0.276415	10 1.570796
11.652622	7.805889	18.479801	1	-0.549563	0.357887	0.754916	0.805094	-0.014508	0.592969	0.223169	0.933652	-0.280159	10 1.570796
19.274860	10.151661	6.858456	1	-0.282954	-0.647218	-0.707846	-0.560381	0.710498	-0.425637	0.778403	0.276228	-0.563727	10 1.570796
23.815109	14.737736	5.833311	1	-0.611001	-0.095472	-0.785851	0.783927	-0.211117	-0.583856	-0.110165	-0.972787	0.203836	10 1.570796
15.157132	23.063256	25.881861	1	0.651584	0.692249	-0.310213	0.205179	-0.554525	-0.806476	-0.730303	0.461837	-0.503354	10 1.570796
1.759264	4.411568	0.519955	1	0.924756	-0.271854	-0.266316	0.270554	0.961775	-0.042303	0.267636	-0.032933	0.962956	10 1.570796
23.339420	19.803379	16.328781	1	-0.585257	0.783938	-0.207164	-0.703469	-0.617959	-0.351082	-0.403246	-0.059739	0.913139	10 1.570796
15.974007	12.643032	13.303909	1	0.508258	-0.675376	0.534359	-0.640748	0.118029	0.758626	-0.575429	-0.727966	-0.372756	10 1.570796
19.032185	23.092594	10.863064	1	-0.600270	0.052425	0.798078	-0.713097	-0.486934	-0.504367	0.362170	-0.871865	0.329676	10 1.570796
5.381353	5.712830	16.264992	1	-0.422478	-0.824008	-0.377523	0.846297	-0.209512	-0.489782	0.324488	-0.526418	0.785871	10 1.570796
13.966232	6.800907	3.143391	1	-0.721256	-0.449163	-0.527297	-0.421109	-0.320077	0.848656	-0.549961	0.834148	0.041712	10 1.570796
9.921842	16.295202	20.440301	1	-0.191070	0.404689	0.894270	0.732107	-0.548114	0.404464	0.653843	0.731983	-0.191547	10 1.570796
0.193821	22.825710	2.926022	1	-0.708212	-0.337548	-0.620079	0.086427	-0.913145	0.398370	-0.700689	0.228538	0.675872	10 1.570796
3.638546	22.712868	16.082405	1	0.499881	-0.676361	-0.540976	0.078092	-0.586874	0.805905	-0.862566	-0.445101	-0.240550	10 1.570796
5.692230	5.187452	17.573853	1	-0.536699	-0.557942	0.632973	0.453369	-0.823367	-0.341354	0.711625	0.103766	0.694854	10 1.570796
3.459834	9.448080	12.819492	1	-0.830784	-0.460295	-0.312933	-0.487665	0.872965	0.010619	0.268292	0.161429	-0.949717	10 1.570796
2.952888	11.903507	13.450401	1	0.699448	0.699408	0.146974	-0.052270	0.255162	-0.965484	-0.712769	0.667624	0.215030	10 1.570796
26.080759	18.041994	15.381452	1	-0.036903	0.926268	-0.375053	-0.757439	0.218889	0.615120	0.651862	0.306779	0.693513	10 1.570796
21.836208	10.671967	13.081852	1	0.199562	0.695667	-0.690087	-0.003136	0.704705	0.709495	0.979880	-0.139424	0.142814	10 1.570796
16.211691	2.331283	23.684199	1	0.365203	0.045924	-0.929795	0.648018	-0.729612	0.218491	-0.668356	-0.682317	-0.296217	10 1.570796
3.875360	15.504658	7.996685	1	0.442069	0.779008	0.444658	0.861002	-0.507519	0.033148	0.251495	0.368198	-0.895086	10 1.570796
22.515724	2.737453	23.050407	1	0.570882	-0.458604	0.681012	0.150270	-0.757083	-0.635802	0.807163	0.465305	-0.363290	10 1.570796
14.939281	22.120136	9.616753	1	0.677130	-0.735793	-0.010146	0.217197	0.186669	0.958113	-0.703079	-0.650971	0.286212	10 1.570796
6.046551	3.963785	16.752689	1	-0.868855	0.222170	-0.442416	0.494975	0.407069	-0.767655	0.009544	-0.885966	-0.463652	10 1.570796
2.172764	21.406231	23.558350	1	-0.892534	-0.436649	-0.112784	0.433276	-0.899631	0.054175	-0.125119	-0.000514	0.992142	10 1.570796
23.599964	15.781155	8.154068	1	0.281309	-0.918585	0.277606	-0.756895	-0.034564	0.652621	-0.589894	-0.393706	-0.704996	10 1.570796
1.817316	18.541866	2.971371	1	0.180999	-0.023240	-0.983209	-0.917602	-0.363735	-0.160323	-0.353902	0.931212	-0.087161	10 1.570796
16.294117	22.816986	22.522564	1	0.960377	-0.108766	0.256604	-0.241365	0.135768	0.960890	-0.139350	-0.984752	0.104137	10 1.570796
22.127644	5.952965	13.778271	1	-0.932920	-0.249667	0.259474	-0.107828	0.881225	0.460232	-0.343560	0.401382	-0.849034	10 1.570796
5.793619	20.529957	9.671497	1	-0.860991	-0.495248	-0.115860	0.498929	-0.866637	-0.003206	-0.098821	-0.060568	0.993259	10 1.570796
6.611469	8.842094	16.702053	1	0.430463	0.032154	-0.902035	0.259529	-0.961573	0.089576	-0.864491	-0.272664	-0.422266	10 1.570796
26.111862	21.135654	10.048660	1	-0.823277	0.071202	0.563157	0.560248	0.261528	0.785956	-0.091321	0.962567	-0.255200	10 1.570796
22.532623	25.012001	12.131664	1	-0.761727	-0.032585	-0.647078	0.472875	-0.710693	-0.520868	-0.442902	-0.702747	0.556763	10 1.570796
8.053417	23.703945	14.723190	1	0.175053	-0.150659	-0.972964	0.801192	0.596159	0.051835	0.572231	-0.788604	0.225066	10 1.570796
0.606302	22.910709	6.485180	1	0.713990	0.395006	-0.578091	0.055081	-0.854788	-0.516043	-0.697988	0.336608	-0.632068	10 1.570796
20.911880	6.060749	3.305277	1	0.353702	0.913879	0.199303	0.391998	-0.338290	0.855510	0.849254	-0.224469	-0.477893	10 1.570796
14.342052	0.247755	5.594191	1	0.992391	-0.091181	0.082741	-0.059807	-0.944372	-0.323394	0.107626	0.315985	-0.942640	10 1.570796
16.045429	11.491131	16.592213	1	-0.567002	-0.487503	-0.663964	-0.157022	-0.727310	0.668106	-0.808612	0.483075	0.335839	10 1.570796
17.758064	7.645832	0.259584	1	-0.497978	0.197849	0.844319	0.837881	0.360758	0.409645	-0.223547	0.911433	-0.345423	10 1.570796
25.839825	0.890543	16.319962	1	0.512454	0.836855	-0.192522	-0.718791	0.540696	0.437022	0.469821	-0.085570	0.878604	10 1.570796
23.417233	6.060715	14.454475	1	-0.891001	-0.249521	-0.379286	0.274240	0.369991	-0.887637	0.361816	-0.894901	-0.261233	10 1.570796
8.489980	13.679137	0.771659	1	-0.924844	-0.222917	0.308176	0.374349	-0.676826	0.633854	0.067283	0.701581	0.709406	10 1.570796
17.459110	2.211660	9.137444	1	-0.177223	-0.663268	0.727096	0.574841	0.529907	0.623503	-0.798843	0.528463	0.287362	10 1.570796
4.938116	3.301558	15.781994	1	-0.795542	0.513344	0.321855	-0.295408	0.135167	-0.945761	-0.529004	-0.847473	0.044114	10 1.570796
20.967468	14.914860	15.831924	1	0.566842	0.458036	-0.684758	0.747975	0.062235	0.660802	0.345287	-0.886752	-0.307322	10 1.570796
2.529098	3.134156	2.668970	1	-0.835769	0.456120	0.305688	0.192603	0.764884	-0.614700	-0.514192	-0.454871	-0.727117	10 1.570796
9.751736	22.068096	2.343536	1	-0.282437	-0.144838	0.948288	-0.867055	-0.384392	-0.316952	0.410420	-0.911738	-0.017016	10 1.570796
6.644131	18.497868	11.204700	1	-0.067714	-0.114929	0.991063	0.221077	0.966921	0.127234	-0.972903	0.227716	-0.040066	10 1.570796
23.709557	24.476776	12.450806	1	-0.948305	0.057927	-0.312031	0.061803	0.998085	-0.002537	0.311286	-0.021691	-0.950068	10 1.570796
18.975677	23.176140	8.784283	1	-0.816271	0.142645	-0.559782	-0.244680	-0.963190	0.111351	-0.523291	0.227859	0.821125	10 1.570796
6.659946	14.251511	22.738499	1	0.497576	-0.815883	0.294539	0.124374	0.403154	0.906641	-0.858457	-0.414489	0.302075	10 1.570796
19.303814	16.956528	8.675446	1	0.011978	0.999920	-0.003956	-0.971690	0.010706	-0.236016	-0.235954	0.006671	0.971741	10 1.570796
8.656055	15.062634	13.476025	1	-0.103846	-0.284166	0.953135	0.822882	-0.562813	-0.078141	0.558643	0.776203	0.292281	10 1.570796
21.409431	5.278938	17.735424	1	-0.815184	-0.026469	0.578595	0.512203	-0.499320	0.698804	0.270408	0.866013	0.420595	10 1.570796
7.907772	22.543793	20.262829	1	-0.888626	-0.181337	0.421260	0.139160	-0.981820	-0.129088	0.437010	-0.056089	0.897708	10 1.570796
25.908882	20.291698	14.229469	1	-0.652542	-0.671665	-0.350791	0.449530	-0.715810	0.534358	-0.610009	0.190998	0.769030	10 1.570796
8.316170	22.483650	17.567871	1	0.964628	-0.159481	-0.209900	0.263596	0.574219	0.775106	-0.003087	-0.803017	0.595948	10 1.570796
19.411057	5.104519	11.521957	1	-0.262493	-0.844346	-0.467095	0.953061	-0.302567	0.011346	-0.150908	-0.442191	0.884135	10 1.570796
13.845997	10.623669	15.651657	1	0.477938	-0.446646	-0.756362	0.857514	0.423869	0.291553	0.190378	-0.787935	0.585589	10 1.570796
10.131138	13.555565	19.730949	1	0.652399	-0.291148	0.699719	0.179266	-0.837782	-0.515737	0.736368	0.461904	-0.494376	10 1.570796
5.480698	22.574144	7.092584	1	0.044429	0.128579	0.990705	0.778751	-0.625622	0.046273	0.625757	0.769457	-0.127926	10 1.570796
21.602478	17.447063	4.493450	1	0.891422	0.223007	0.394506	0.096649	-0.944066	0.315279	0.442749	-0.242917	-0.863112	10 1.570796
15.727749	9.138214	10.571507	1	-0.077564	0.786470	0.612739	0.981223	-0.048642	0.186644	0.176594	0.615710	-0.767930	10 1.570796
6.153511	2.804565	13.962692	1	-0.292113	0.459850	0.838576	-0.734765	0.453363	-0.504563	-0.612202	-0.763544	0.205448	10 1.570796
22.840263	19.514397	4.045702	1	0.825702	0.056683	0.561250	0.172610	0.921829	-0.347040	-0.537049	0.383428	0.751373	10 1.570796
22.837418	5.645250	15.493431	1	0.001347	0.975453	0.220206	0.075427	0.219480	-0.972698	-0.997151	0.017918	-0.073280	10 1.570796
0.865437	25.128536	2.919836	1	0.894933	0.167641	0.413511	-0.444022	0.426087	0.788223	-0.044053	-0.889015	0.455755	10 1.570796
9.614307	20.343571	0.507566	1	0.834054	-0.232329	0.500377	-0.149999	-0.968333	-0.199579	0.530899	0.091403	-0.842492	10 1.570796
11.744495	7.158813	13.210579	1	0.747633	-0.132098	-0.650841	0.512346	0.738271	0.438699	0.422546	-0.661441	0.619638	10 1.570796
20.813843	21.547577	13.239719	1	-0.506353	0.731197	0.457119	0.653889	-0.020012	0.756325	0.562170	0.681874	-0.467988	10 1.570796
15.713333	18.361050	8.071693	1	0.357148	0.393206	-0.847251	0.756401	-0.653928	0.015365	-0.547999	-0.646349	-0.530970	10 1.570796
7.852207	13.712646	17.916790	1	-0.547543	-0.834948	-0.055294	0.508652	-0.279638	-0.814294	0.664432	-0.473987	0.577812	10 1.570796
5.248936	12.562897	16.644749	1	-0.576930	0.815666	0.042897	-0.636571	-0.481918	0.602104	0.511789	0.320065	0.797264	10 1.570796
12.013588	24.210419	22.359200	1	-0.026434	0.269023	-0.962771	-0.726120	0.656776	0.203457	0.687060	0.704465	0.177982	10 1.570796
25.160511	1.181404	13.326557	1	0.159493	-0.813514	0.559247	-0.865480	-0.387731	-0.317188	0.474874	-0.433429	-0.765921	10 1.570796
6.079472	12.647785	25.558342	1	-0.394635	-0.503257	-0.768763	-0.771102	-0.273588	0.574936	-0.499665	0.819683	-0.280094	10 1.570796
25.465267	4.949669	22.924690	1	-0.147190	-0.237503	0.960171	-0.685222	0.724547	0.074179	-0.713306	-0.647011	-0.269387	10 1.570796
15.240967	1.743017	16.033546	1	-0.542751	-0.771201	-0.332667	-0.809983	0.585377	-0.035543	0.222147	0.250164	-0.942375	10 1.570796
13.022968	7.456993	22.115143	1	-0.324863	-0.328873	0.886739	-0.858286	0.496338	-0.130359	-0.397252	-0.803424	-0.443508	10 1.570796
3.380539	19.760002	11.808384	1	-0.140749	-0.988510	0.055116	0.512137	-0.120336	-0.850432	0.847293	-0.091471	0.523189	10 1.570796
2.674622	11.074581	17.939526	1	-0.614079	-0.310954	0.725406	0.773739	-0.055898	0.631033	-0.155673	0.948781	0.274923	10 1.570796
12.478043	22.730225	14.718784	1	-0.674804	0.422533	0.605065	-0.341608	-0.905591	0.251417	0.654173	-0.037037	0.755437	10 1.570796
25.976170	15.698635	15.609509	1	-0.059669	0.793719	0.605349	-0.968152	-0.193729	0.158583	0.243144	-0.576610	0.780002	10 1.570796
13.461349	19.253078	4.647942	1	0.364847	-0.809492	0.460011	0.930849	0.327829	-0.161396	-0.020156	0.487084	0.873122	10 1.570796
13.892883	11.164906	9.978916	1	-0.803895	0.589132	-0.081713	-0.577751	-0.806118	-0.127974	-0.141263	-0.055668	0.988406	10 1.570796
21.914092	22.204667	1.488567	1	0.624122	-0.189035	0.758114	-0.686664	0.330230	0.647642	-0.372780	-0.924777	0.076299	10 1.570796
15.890614	22.223862	11.691433	1	0.586768	0.680708	-0.438567	0.488311	0.134593	0.862228	0.645953	-0.720084	-0.253422	10 1.570796
1.019772	5.882595	0.471300	1	-0.398043	-0.193352	-0.896759	0.108381	0.960779	-0.255261	0.910943	-0.198796	-0.361474	10 1.570796
12.302883	16.806957	7.747334	1	0.427147	-0.768395	-0.476564	-0.256274	0.402568	-0.878785	0.867103	0.497502	-0.024964	10 1.570796
14.610538	24.723133	7.876648	1	-0.515940	0.472923	-0.714249	-0.855506	-0.241877	0.457825	0.043756	0.847253	0.529383	10 1.570796
14.379208	1.271517	14.961224	1	-0.718007	0.166421	0.675847	0.655741	0.487318	0.576650	-0.233386	0.857219	-0.459027	10 1.570796
2.411325	10.690682	0.902576	1	0.244517	-0.641064	-0.727495	-0.968050	-0.204414	-0.145242	-0.055601	0.739765	-0.670565	10 1.570796
20.660801	16.084492	14.813732	1	0.670534	-0.050371	-0.740168	-0.739566	-0.124107	-0.661544	-0.058539	0.990989	-0.120471	10 1.570796
13.491646	20.833973	1.045828	1	-0.312696	0.526960	0.790274	-0.882686	0.146096	-0.446679	-0.350838	-0.837238	0.419457	10 1.570796
13.253784	21.944424	25.496162	1	-0.916807	0.101675	-0.386172	0.340310	0.704904	-0.622333	0.208938	-0.701978	-0.680862	10 1.570796
25.155548	12.391548	10.488071	1	-0.069601	0.742929	0.665742	-0.008413	0.666899	-0.745100	-0.997539	-0.057460	-0.040167	10 1.570796
13.071655	11.380108	0.663925	1	-0.431044	0.759680	0.486916	-0.227589	-0.613704	0.756023	0.873158	0.215064	0.437428	10 1.570796
17.086296	20.439953	13.738804	1	0.744965	-0.306851	0.592343	-0.533296	-0.807379	0.252456	0.400778	-0.503966	-0.765111	10 1.570796
3.938494	4.887047	9.744991	1	0.705518	-0.166628	0.688826	-0.336837	0.776321	0.532791	-0.623529	-0.607915	0.491581	10 1.570796
2.392456	4.180010	5.568129	1	-0.804014	0.507396	0.310018	-0.422108	-0.119831	-0.898592	-0.418791	-0.853341	0.310522	10 1.570796
17.076767	19.271030	10.208290	1	0.205660	0.389134	0.897930	-0.898857	0.437946	0.016081	-0.386988	-0.810419	0.439845	10 1.570796
5.463188	3.682178	6.824547	1	0.646186	0.727714	0.229948	0.602235	-0.301143	-0.739341	-0.468783	0.616234	-0.632849	10 1.570796
2.167067	18.385506	16.969883	1	0.524393	-0.534498	0.662814	-0.704265	0.165240	0.690439	-0.478563	-0.828859	-0.289778	10 1.570796
10.621872	16.541954	1.002289	1	-0.263894	0.950364	-0.164828	0.957527	0.278704	0.073920	0.116189	-0.138321	-0.983549	10 1.570796
10.254818	8.370872	21.890747	1	0.048099	-0.379196	-0.924064	0.719796	-0.628256	0.295275	-0.692517	-0.679342	0.242726	10 1.570796
15.210049	18.216751	5.588123	1	-0.025158	-0.924390	0.380616	-0.399896	-0.339639	-0.851309	0.916215	-0.173626	-0.361116	10 1.570796
10.709148	6.637653	7.934448	1	-0.144880	-0.845268	-0.514328	-0.663497	0.468615	-0.583242	0.734018	0.256754	-0.628725	10 1.570796
22.020836	0.757809	11.705635	1	0.700287	-0.713862	-0.000576	-0.484151	-0.475537	0.734481	-0.524592	-0.514069	-0.678629	10 1.570796
18.355648	18.451237	20.406437	1	-0.364342	0.350037	-0.862977	-0.924545	-0.024840	0.380262	0.111669	0.936406	0.332676	10 1.570796
10.253197	14.581028	13.861515	1	0.384149	0.520964	-0.762251	0.769300	0.275877	0.576254	0.510495	-0.807769	-0.294799	10 1.570796
8.931641	25.411968	18.071022	1	0.012166	-0.424961	-0.905129	-0.417951	0.820169	-0.390690	0.908389	0.383053	-0.167634	10 1.570796
23.228283	7.404137	3.363676	1	0.840348	0.492990	-0.225329	0.149751	0.188369	0.970614	0.520947	-0.849398	0.084468	10 1.570796
4.647007	0.735222	13.631237	1	0.695708	0.356680	-0.623513	-0.715866	0.416022	-0.560769	0.059380	0.836484	0.544764	10 1.570796
12.393448	9.258617	18.495529	1	0.807948	-0.262743	-0.527433	-0.148589	0.775317	-0.613844	0.570212	0.574325	0.587374	10 1.570796
17.364491	18.305729	0.493824	1	0.952446	-0.298291	-0.062195	-0.135130	-0.230550	-0.963632	0.273103	0.926212	-0.259893	10 1.570796
9.458878	2.254387	24.985134	1	-0.646612	-0.635809	-0.421473	-0.629429	0.132568	0.765666	-0.430943	0.760377	-0.485917	10 1.570796
6.360577	4.403170	15.297024	1	-0.443569	-0.842325	0.306164	-0.678313	0.092241	-0.728961	0.585781	-0.531020	-0.612275	10 1.570796
1.901405	12.447819	2.563202	1	0.673271	-0.645676	0.360290	0.724983	0.480733	-0.493249	0.145277	0.593295	0.791768	10 1.570796
3.861977	13.055603	8.815166	1	0.549055	0.194048	-0.812948	-0.400801	0.914668	-0.052367	0.733416	0.354582	0.579977	10 1.570796
2.809650	8.870636	9.084549	1	-0.038543	-0.681126	0.731150	-0.583627	-0.578580	-0.569760	0.811107	-0.448678	-0.375223	10 1.570796
15.719009	9.195114	5.695492	1	0.724874	-0.146117	-0.673205	-0.313844	0.799890	-0.511544	0.613236	0.582087	0.533963	10 1.570796
